5.0000000000000000000000000000000000000000000000000000000000000000e-01
5.0000000000000000000000000000000000000000000000000000000000000000e-01
5.0000000000000000000000000000000000000000000000000000000000000000e-01
5.0000000000000000000000000000000000000000000000000000000000000000e-01
5.0000000000000000000000000000000000000000000000000000000000000000e-01
5.0000000000000000000000000000000000000000000000000000000000000000e-01
5.0000000000000000000000000000000000000000000000000000000000000000e-01
5.0000000000000000000000000000000000000000000000000000000000000000e-01
5.0000000000000000000000000000000000000000000000000000000000000000e-01
5.0000000000000000000000000000000000000000000000000000000000000000e-01
5.0000000000000000000000000000000000000000000000000000000000000000e-01
5.0000000000000000000000000000000000000000000000000000000000000000e-01
5.0000000000000000000000000000000000000000000000000000000000000000e-01
5.0000000000000000000000000000000000000000000000000000000000000000e-01
5.0000000000000000000000000000000000000000000000000000000000000000e-01
5.0000000000000000000000000000000000000000000000000000000000000000e-01
5.0000000000000000000000000000000000000000000000000000000000000000e-01
5.0000000000000000000000000000000000000000000000000000000000000000e-01
5.0000000000000000000000000000000000000000000000000000000000000000e-01
5.0000000000000000000000000000000000000000000000000000000000000000e-01
5.0000000000000000000000000000000000000000000000000000000000000000e-01
5.0000000000000000000000000000000000000000000000000000000000000000e-01
5.0000000000000000000000000000000000000000000000000000000000000000e-01
5.0000000000000000000000000000000000000000000000000000000000000000e-01
5.0000000000000000000000000000000000000000000000000000000000000000e-01
5.0000000000000000000000000000000000000000000000000000000000000000e-01
5.0000000000000000000000000000000000000000000000000000000000000000e-01
5.0000000000000000000000000000000000000000000000000000000000000000e-01
5.0000000000000000000000000000000000000000000000000000000000000000e-01
5.0000000000000000000000000000000000000000000000000000000000000000e-01
5.0000000000000000000000000000000000000000000000000000000000000000e-01
5.0000000000000000000000000000000000000000000000000000000000000000e-01
5.0000000000000000000000000000000000000000000000000000000000000000e-01
5.0000000000000000000000000000000000000000000000000000000000000000e-01
5.0000000000000000000000000000000000000000000000000000000000000000e-01
5.0000000000000000000000000000000000000000000000000000000000000000e-01
5.0000000000000000000000000000000000000000000000000000000000000000e-01
5.0000000000000000000000000000000000000000000000000000000000000000e-01
5.0000000000000000000000000000000000000000000000000000000000000000e-01
5.0000000000000000000000000000000000000000000000000000000000000000e-01
5.0000000000000000000000000000000000000000000000000000000000000000e-01
5.0000000000000000000000000000000000000000000000000000000000000000e-01
5.0000000000000000000000000000000000000000000000000000000000000000e-01
5.0000000000000000000000000000000000000000000000000000000000000000e-01
5.0000000000000000000000000000000000000000000000000000000000000000e-01
5.0000000000000000000000000000000000000000000000000000000000000000e-01
5.0000000000000000000000000000000000000000000000000000000000000000e-01
5.0000000000000000000000000000000000000000000000000000000000000000e-01
5.0000000000000000000000000000000000000000000000000000000000000000e-01
5.0000000000000000000000000000000000000000000000000000000000000000e-01
5.0494949494949492585504913222393952310085296630859375000000000000e-01
5.1484848484848488858744985918747261166572570800781250000000000000e-01
5.2474747474747474029754812363535165786743164062500000000000000000e-01
5.3464646464646459200764638808323070406913757324218750000000000000e-01
5.4454545454545455474004711504676379263401031494140625000000000000e-01
5.5444444444444440645014537949464283883571624755859375000000000000e-01
5.6434343434343436918254610645817592740058898925781250000000000000e-01
5.7424242424242422089264437090605497360229492187500000000000000000e-01
5.8414141414141407260274263535393401980400085449218750000000000000e-01
5.9404040404040403533514336231746710836887359619140625000000000000e-01
6.0393939393939388704524162676534615457057952880859375000000000000e-01
6.1383838383838384977764235372887924313545227050781250000000000000e-01
6.2373737373737370148774061817675828933715820312500000000000000000e-01
6.3363636363636366422014134514029137790203094482421875000000000000e-01
6.4353535353535351593023960958817042410373687744140625000000000000e-01
6.5343434343434336764033787403604947030544281005859375000000000000e-01
6.6333333333333333037273860099958255887031555175781250000000000000e-01
6.7323232323232318208283686544746160507202148437500000000000000000e-01
6.8313131313131314481523759241099469363689422607421875000000000000e-01
6.9303030303030299652533585685887373983860015869140625000000000000e-01
7.0292929292929295925773658382240682840347290039062500000000000000e-01
7.1282828282828281096783484827028587460517883300781250000000000000e-01
7.2272727272727266267793311271816492080688476562500000000000000000e-01
7.3262626262626262541033383968169800937175750732421875000000000000e-01
7.4252525252525247712043210412957705557346343994140625000000000000e-01
7.5242424242424243985283283109311014413833618164062500000000000000e-01
7.6232323232323229156293109554098919034004211425781250000000000000e-01
7.7222222222222214327302935998886823654174804687500000000000000000e-01
7.8212121212121210600543008695240132510662078857421875000000000000e-01
7.9202020202020195771552835140028037130832672119140625000000000000e-01
8.0191919191919192044792907836381345987319946289062500000000000000e-01
8.1181818181818177215802734281169250607490539550781250000000000000e-01
8.2171717171717173489042806977522559463977813720703125000000000000e-01
8.3161616161616158660052633422310464084148406982421875000000000000e-01
8.4151515151515143831062459867098368704319000244140625000000000000e-01
8.5141414141414140104302532563451677560806274414062500000000000000e-01
8.6131313131313125275312359008239582180976867675781250000000000000e-01
8.7121212121212121548552431704592891037464141845703125000000000000e-01
8.8111111111111106719562258149380795657634735107421875000000000000e-01
8.9101010101010102992802330845734104514122009277343750000000000000e-01
9.0090909090909088163812157290522009134292602539062500000000000000e-01
9.1080808080808073334821983735309913754463195800781250000000000000e-01
9.2070707070707069608062056431663222610950469970703125000000000000e-01
9.3060606060606054779071882876451127231121063232421875000000000000e-01
9.4050505050505051052311955572804436087608337402343750000000000000e-01
9.5040404040404036223321782017592340707778930664062500000000000000e-01
9.6030303030303021394331608462380245327949523925781250000000000000e-01
9.7020202020202017667571681158733554184436798095703125000000000000e-01
9.8010101010101002838581507603521458804607391357421875000000000000e-01
9.8999999999999999111821580299874767661094665527343750000000000000e-01
