3.581478563797610621e-04
4.077527494738539043e-04
1.282490911835609902e-03
2.361581992004181674e-03
3.925618509428930973e-03
6.089558071767341325e-03
8.974872815742660978e-03
1.270094459079426294e-02
1.737235057359588428e-02
2.306144339979282823e-02
2.978611899844260669e-02
3.748351796582086864e-02
4.598171515681884897e-02
5.497324557541785617e-02
6.399648647645302113e-02
7.243312721458761150e-02
7.949817475135541323e-02
8.131999312463494833e-02
8.014309523694204684e-02
7.595638381876984591e-02
6.907881072045216064e-02
6.013339150792174764e-02
4.996195221914050827e-02
3.949397496290323051e-02
2.959735807192525464e-02
2.094645897868574122e-02
1.393936883553965195e-02
8.681897067924531503e-03
5.035041035665708750e-03
2.703871932169261971e-03
1.336366071866301177e-03
6.038737753817340764e-04
2.476923634113583923e-04
9.149505324051594962e-05
3.017476202496991859e-05
8.800643554721148060e-06
2.246098133133816680e-06
4.957675811588600878e-07
9.339283895080765454e-08
1.479084771961434589e-08
1.935399114157150977e-09
2.050203297188383144e-10
1.715869433782308991e-11
1.101150768183848435e-12
5.217465107624230416e-14
1.736648006684965766e-15
3.790023970006332806e-17
4.892649291617397925e-19
3.146159399419235109e-21
7.100487545816174940e-24
1.735714092017944679e-27
-0.000000000000000000e+00
-0.000000000000000000e+00
-0.000000000000000000e+00
-0.000000000000000000e+00
-0.000000000000000000e+00
-0.000000000000000000e+00
-0.000000000000000000e+00
-0.000000000000000000e+00
-0.000000000000000000e+00
-0.000000000000000000e+00
-0.000000000000000000e+00
-0.000000000000000000e+00
-0.000000000000000000e+00
-0.000000000000000000e+00
-0.000000000000000000e+00
-0.000000000000000000e+00
-0.000000000000000000e+00
-0.000000000000000000e+00
-0.000000000000000000e+00
-0.000000000000000000e+00
-0.000000000000000000e+00
-0.000000000000000000e+00
-0.000000000000000000e+00
-0.000000000000000000e+00
-0.000000000000000000e+00
-0.000000000000000000e+00
-0.000000000000000000e+00
-0.000000000000000000e+00
-0.000000000000000000e+00
-0.000000000000000000e+00
-0.000000000000000000e+00
-0.000000000000000000e+00
-0.000000000000000000e+00
-0.000000000000000000e+00
-0.000000000000000000e+00
-0.000000000000000000e+00
-0.000000000000000000e+00
-0.000000000000000000e+00
-0.000000000000000000e+00
-0.000000000000000000e+00
-0.000000000000000000e+00
-0.000000000000000000e+00
-0.000000000000000000e+00
-0.000000000000000000e+00
-0.000000000000000000e+00
-0.000000000000000000e+00
-0.000000000000000000e+00
-0.000000000000000000e+00
-0.000000000000000000e+00
