1.28047
1.07819
0.91338
0.778345
0.667042
0.574719
0.497643
0.432876
0.378099
0.331476
0.291545
0.25714
0.227321
0.201334
0.178564
0.15851
0.140763
0.124985
-0.11918
-0.118584
-0.117991
-0.117401
-0.116814
-0.11623
-0.115649
-0.115071
-0.114495
-0.113923
-0.113353
-0.112786
-0.112222
-0.111661
-0.111103
-0.110547
-0.109995
-0.109445
-0.108898
-0.108353
-0.107811
-0.107272
-0.106736
-0.106202
-0.105671
-0.105143
-0.104617
-0.104094
-0.103574
-0.103056
-0.10254
-0.102028
-0.101518
-0.10101
-0.100505
-0.100002
-0.0995024
-0.0990048
-0.0985098
-0.0980173
-0.0975272
-0.0970396
-0.0965544
-0.0960716
-0.0955912
-0.0951133
-0.0946377
-0.0941645
-0.0936937
-0.0932252
-0.0927591
-0.0922953
-0.0918338
-0.0913747
-0.0909178
-0.0904632
-0.0900109
-0.0895608
-0.089113
-0.0886675
-0.0882241
-0.087783
-0.0873441
-0.0869074
-0.0864728
-0.0860405
-0.0856103
-0.0851822
-0.0847563
-0.0843325
-0.0839109
-0.0834913
-0.0830738
-0.0826585
-0.0822452
-0.081834
-0.0814248
-0.0810177
-0.0806126
-0.0802095
-0.0798085
-0.0794094
-0.0790124
-0.0786173
-0.0782242
-0.0778331
-0.0774439
-0.0770567
-0.0766714
-0.0762881
-0.0759066
-0.0755271
-0.0751495
-0.0747737
-0.0743999
-0.0740279
-0.0736577
-0.0732894
-0.072923
-0.0725584
-0.0721956
-0.0718346
-0.0714754
-0.071118
-0.0707625
-0.0704086
-0.0700566
-0.0697063
-0.0693578
-0.069011
-0.0686659
-0.0683226
-0.067981
-0.0676411
-0.0673029
-0.0669664
-0.0666315
-0.0662984
-0.0659669
-0.0656371
-0.0653089
-0.0649823
-0.0646574
-0.0643341
-0.0640125
-0.0636924
-0.0633739
-0.0630571
-0.0627418
-0.0624281
-0.0621159
-0.0618053
-0.0614963
-0.0611888
-0.0608829
-0.0605785
-0.0602756
-0.0599742
-0.0596743
-0.059376
-0.0590791
-0.0587837
-0.0584898
-0.0581973
-0.0579063
-0.0576168
-0.0573287
-0.0570421
-0.0567569
-0.0564731
-0.0561907
-0.0559098
-0.0556302
-0.0553521
-0.0550753
-0.0547999
-0.0545259
-0.0542533
-0.053982
-0.0537121
-0.0534436
-0.0531763
-0.0529105
-0.0526459
-0.0523827
-0.0521208
-0.0518602
-0.0516009
-0.0513429
-0.0510861
-0.0508307
-0.0505766
-0.0503237
-0.0500721
-0.0498217
-0.0495726
-0.0493247
-0.0490781
-0.0488327
-0.0485885
-0.0483456
-0.0481039
-0.0478634
-0.047624
-0.0473859
-0.047149
-0.0469132
-0.0466787
-0.0464453
-0.0462131
-0.045982
-0.0457521
-0.0455233
-0.0452957
-0.0450692
-0.0448439
-0.0446197
-0.0443966
-0.0441746
-0.0439537
-0.0437339
-0.0435153
-0.0432977
-0.0430812
-0.0428658
-0.0426515
-0.0424382
-0.042226
-0.0420149
-0.0418048
-0.0415958
-0.0413878
-0.0411809
-0.040975
-0.0407701
-0.0405662
-0.0403634
-0.0401616
-0.0399608
-0.039761
-0.0395622
-0.0393644
-0.0391675
-0.0389717
-0.0387768
-0.0385829
-0.03839
-0.0381981
-0.0380071
-0.037817
-0.037628
-0.0374398
-0.0372526
-0.0370663
-0.036881
-0.0366966
-0.0365131
-0.0363305
-0.0361489
-0.0359681
-0.0357883
-0.0356094
-0.0354313
-0.0352541
-0.0350779
-0.0349025
-0.0347279
-0.0345543
-0.0343815
-0.0342096
-0.0340386
-0.0338684
-0.033699
-0.0335305
-0.0333628
-0.033196
-0.03303
-0.0328649
-0.0327005
-0.032537
-0.0323743
-0.0322124
-0.0320514
-0.0318911
-0.0317316
-0.0315729
-0.0314151
-0.031258
-0.0311017
-0.0309461
-0.0307914
-0.0306374
-0.0304842
-0.0303318
-0.0301801
-0.0300292
-0.029879
-0.0297296
-0.0295809
-0.029433
-0.0292858
-0.0291393
-0.0289936
-0.0288486
-0.0287043
-0.0285608
-0.0284179
-0.0282758
-0.0281344
-0.0279937
-0.0278537
-0.0277144
-0.0275757
-0.0274378
-0.0273006
-0.027164
-0.0270282
-0.026893
-0.0267585
-0.0266246
-0.0264915
-0.026359
-0.0262271
-0.0260959
-0.0259654
-0.0258355
-0.0257063
-0.0255777
-0.0254497
-0.0253224
-0.0251957
-0.0250697
-0.0249442
-0.0248195
-0.0246953
-0.0245717
-0.0244488
-0.0243265
-0.0242048
-0.0240836
-0.0239631
-0.0238432
-0.0237239
-0.0236052
-0.0234871
-0.0233696
-0.0232526
-0.0231363
-0.0230205
-0.0229053
-0.0227907
-0.0226766
-0.0225631
-0.0224502
-0.0223378
-0.022226
-0.0221148
-0.0220041
-0.0218939
-0.0217844
-0.0216753
-0.0215668
-0.0214588
-0.0213514
-0.0212445
-0.0211382
-0.0210324
-0.0209271
-0.0208223
-0.020718
-0.0206143
-0.0205111
-0.0204084
-0.0203062
-0.0202045
-0.0201033
-0.0200027
-0.0199025
-0.0198028
-0.0197037
-0.019605
-0.0195068
-0.0194091
-0.0193119
-0.0192151
-0.0191189
-0.0190231
-0.0189278
-0.018833
-0.0187387
-0.0186448
-0.0185514
-0.0184585
-0.018366
-0.018274
-0.0181824
-0.0180913
-0.0180007
-0.0179105
-0.0178207
-0.0177314
-0.0176426
-0.0175542
-0.0174662
-0.0173787
-0.0172916
-0.0172049
-0.0171187
-0.0170329
-0.0169475
-0.0168626
-0.0167781
-0.016694
-0.0166103
-0.016527
-0.0164442
-0.0163618
-0.0162797
-0.0161981
-0.0161169
-0.0160361
-0.0159557
-0.0158757
-0.0157961
-0.0157169
-0.0156381
-0.0155597
-0.0154817
-0.015404
-0.0153268
-0.0152499
-0.0151735
-0.0150974
-0.0150217
-0.0149463
-0.0148714
-0.0147968
-0.0147226
-0.0146487
-0.0145753
-0.0145021
-0.0144294
-0.014357
-0.014285
-0.0142134
-0.0141421
-0.0140711
-0.0140005
-0.0139303
-0.0138604
-0.0137909
-0.0137217
-0.0136528
-0.0135843
-0.0135162
-0.0134484
-0.0133809
-0.0133138
-0.013247
-0.0131805
-0.0131144
-0.0130486
-0.0129831
-0.0129179
-0.0128531
-0.0127886
-0.0127244
-0.0126606
-0.012597
-0.0125338
-0.0124709
-0.0124083
-0.0123461
-0.0122841
-0.0122224
-0.0121611
-0.0121001
-0.0120393
-0.0119789
-0.0119188
-0.0118589
-0.0117994
-0.0117402
-0.0116813
-0.0116226
-0.0115643
-0.0115062
-0.0114485
-0.011391
-0.0113338
-0.0112769
-0.0112203
-0.011164
-0.0111079
-0.0110522
-0.0109967
-0.0109415
-0.0108866
-0.0108319
-0.0107775
-0.0107234
-0.0106696
-0.010616
-0.0105627
-0.0105097
-0.0104569
-0.0104044
-0.0103521
-0.0103002
-0.0102484
-0.010197
-0.0101458
-0.0100948
-0.0100441
-0.00999371
-0.00994353
-0.00989359
-0.00984391
-0.00979448
-0.00974529
-0.00969635
-0.00964766
-0.00959921
-0.009551
-0.00950304
-0.00945531
-0.00940783
-0.00936058
-0.00931357
-0.00926679
-0.00922025
-0.00917394
-0.00912787
-0.00908202
-0.00903641
-0.00899102
-0.00894586
-0.00890093
-0.00885622
-0.00881174
-0.00876748
-0.00872344
-0.00867962
-0.00863602
-0.00859264
-0.00854948
-0.00850654
-0.00846381
-0.00842129
-0.00837899
-0.0083369
-0.00829502
-0.00825335
-0.00821188
-0.00817063
-0.00812959
-0.00808874
-0.00804811
-0.00800768
-0.00796745
-0.00792742
-0.00788759
-0.00784797
-0.00780854
-0.00776931
-0.00773027
-0.00769143
-0.00765279
-0.00761434
-0.00757608
-0.00753802
-0.00750014
-0.00746246
-0.00742496
-0.00738766
-0.00735054
-0.0073136
-0.00727685
-0.00724029
-0.00720391
-0.00716771
-0.00713169
-0.00709585
-0.00706019
-0.00702472
-0.00698942
-0.00695429
-0.00691934
-0.00688457
-0.00684997
-0.00681555
-0.0067813
-0.00674722
-0.00671331
-0.00667957
-0.006646
-0.0066126
-0.00657937
-0.0065463
-0.0065134
-0.00648066
-0.00644809
-0.00641568
-0.00638343
-0.00635135
-0.00631943
-0.00628766
-0.00625606
-0.00622461
-0.00619332
-0.00616219
-0.00613122
-0.0061004
-0.00606973
-0.00603922
-0.00600886
-0.00597866
-0.0059486
-0.0059187
-0.00588894
-0.00585934
-0.00582988
-0.00580058
-0.00577141
-0.0057424
-0.00571353
-0.00568481
-0.00565622
-0.00562779
-0.00559949
-0.00557134
-0.00554333
-0.00551546
-0.00548773
-0.00546013
-0.00543268
-0.00540536
-0.00537818
-0.00535114
-0.00532423
-0.00529746
-0.00527082
-0.00524432
-0.00521795
-0.00519171
-0.0051656
-0.00513963
-0.00511378
-0.00508806
-0.00506248
-0.00503702
-0.00501169
-0.00498648
-0.0049614
-0.00493645
-0.00491163
-0.00488692
-0.00486234
-0.00483789
-0.00481356
-0.00478935
-0.00476526
-0.00474129
-0.00471744
-0.00469371
-0.0046701
-0.00464661
-0.00462324
-0.00459999
-0.00457685
-0.00455382
-0.00453092
-0.00450812
-0.00448545
-0.00446288
-0.00444043
-0.00441809
-0.00439587
-0.00437375
-0.00435175
-0.00432985
-0.00430807
-0.0042864
-0.00426483
-0.00424337
-0.00422202
-0.00420078
-0.00417964
-0.00415861
-0.00413769
-0.00411687
-0.00409616
-0.00407554
-0.00405504
-0.00403463
-0.00401433
-0.00399413
-0.00397403
-0.00395403
-0.00393413
-0.00391434
-0.00389464
-0.00387504
-0.00385554
-0.00383613
-0.00381683
-0.00379762
-0.0037785
-0.00375949
-0.00374057
-0.00372174
-0.00370301
-0.00368437
-0.00366582
-0.00364737
-0.00362901
-0.00361075
-0.00359257
-0.00357449
-0.00355649
-0.00353859
-0.00352078
-0.00350306
-0.00348542
-0.00346787
-0.00345042
-0.00343305
-0.00341576
-0.00339857
-0.00338146
-0.00336443
-0.00334749
-0.00333064
-0.00331387
-0.00329718
-0.00328058
-0.00326407
-0.00324763
-0.00323128
-0.00321501
-0.00319882
-0.00318271
-0.00316668
-0.00315074
-0.00313487
-0.00311909
-0.00310338
-0.00308775
-0.0030722
-0.00305673
-0.00304133
-0.00302602
-0.00301078
-0.00299561
-0.00298053
-0.00296551
-0.00295058
-0.00293572
-0.00292093
-0.00290622
-0.00289158
-0.00287701
-0.00286252
-0.0028481
-0.00283376
-0.00281948
-0.00280528
-0.00279115
-0.00277709
-0.00276309
-0.00274917
-0.00273532
-0.00272154
-0.00270783
-0.00269419
-0.00268062
-0.00266711
-0.00265367
-0.0026403
-0.002627
-0.00261376
-0.00260059
-0.00258749
-0.00257445
-0.00256148
-0.00254857
-0.00253573
-0.00252295
-0.00251023
-0.00249758
-0.002485
-0.00247247
-0.00246001
-0.00244762
-0.00243528
-0.00242301
-0.00241079
-0.00239864
-0.00238655
-0.00237452
-0.00236256
-0.00235065
-0.0023388
-0.00232701
-0.00231528
-0.00230361
-0.002292
-0.00228044
-0.00226895
-0.00225751
-0.00224613
-0.0022348
-0.00222354
-0.00221233
-0.00220117
-0.00219008
-0.00217903
-0.00216805
-0.00215712
-0.00214624
-0.00213542
-0.00212465
-0.00211394
-0.00210328
-0.00209267
-0.00208212
-0.00207162
-0.00206117
-0.00205078
-0.00204044
-0.00203014
-0.00201991
-0.00200972
-0.00199958
-0.0019895
-0.00197946
-0.00196948
-0.00195955
-0.00194966
-0.00193983
-0.00193004
-0.00192031
-0.00191062
-0.00190098
-0.00189139
-0.00188185
-0.00187236
-0.00186291
-0.00185352
-0.00184417
-0.00183486
-0.0018256
-0.00181639
-0.00180723
-0.00179811
-0.00178904
-0.00178001
-0.00177103
-0.00176209
-0.0017532
-0.00174436
-0.00173555
-0.0017268
-0.00171808
-0.00170941
-0.00170079
-0.0016922
-0.00168366
-0.00167517
-0.00166671
-0.0016583
-0.00164993
-0.0016416
-0.00163332
-0.00162507
-0.00161687
-0.00160871
-0.00160059
-0.00159251
-0.00158447
-0.00157647
-0.00156851
-0.0015606
-0.00155272
-0.00154488
-0.00153708
-0.00152932
-0.0015216
-0.00151392
-0.00150627
-0.00149867
-0.0014911
-0.00148357
-0.00147608
-0.00146863
-0.00146121
-0.00145383
-0.00144649
-0.00143919
-0.00143192
-0.00142469
-0.00141749
-0.00141034
-0.00140321
-0.00139613
-0.00138907
-0.00138206
-0.00137508
-0.00136813
-0.00136122
-0.00135435
-0.00134751
-0.0013407
-0.00133393
-0.00132719
-0.00132049
-0.00131382
-0.00130718
-0.00130057
-0.001294
-0.00128747
-0.00128096
-0.00127449
-0.00126805
-0.00126165
-0.00125527
-0.00124893
-0.00124262
-0.00123634
-0.00123009
-0.00122388
-0.00121769
-0.00121154
-0.00120542
-0.00119933
-0.00119327
-0.00118723
-0.00118124
-0.00117527
-0.00116933
-0.00116342
-0.00115754
-0.00115169
-0.00114586
-0.00114007
-0.00113431
-0.00112858
-0.00112287
-0.0011172
-0.00111155
-0.00110593
-0.00110034
-0.00109478
-0.00108924
-0.00108374
-0.00107826
-0.00107281
-0.00106738
-0.00106199
-0.00105662
-0.00105128
-0.00104596
-0.00104067
-0.00103541
-0.00103018
-0.00102497
-0.00101978
-0.00101463
-0.0010095
-0.00100439
-0.000999313
-0.000994259
-0.000989232
-0.000984229
-0.000979251
-0.000974299
-0.000969372
-0.000964469
-0.000959591
-0.000954738
-0.000949909
-0.000945105
-0.000940324
-0.000935568
-0.000930836
-0.000926128
-0.000921443
-0.000916782
-0.000912145
-0.000907531
-0.00090294
-0.000898372
-0.000893827
-0.000889306
-0.000884807
-0.00088033
-0.000875877
-0.000871445
-0.000867036
-0.00086265
-0.000858285
-0.000853943
-0.000849622
-0.000845323
-0.000841046
-0.00083679
-0.000832556
-0.000828343
-0.000824152
-0.000819981
-0.000815832
-0.000811704
-0.000807596
-0.000803509
-0.000799443
-0.000795397
-0.000791372
-0.000787367
-0.000783382
-0.000779417
-0.000775473
-0.000771548
-0.000767643
-0.000763758
-0.000759892
-0.000756046
-0.000752219
-0.000748412
-0.000744623
-0.000740854
-0.000737104
-0.000733373
-0.000729661
-0.000725967
-0.000722292
-0.000718636
-0.000714998
-0.000711378
-0.000707777
-0.000704194
-0.000700629
-0.000697082
-0.000693553
-0.000690042
-0.000686548
-0.000683072
-0.000679614
-0.000676173
-0.00067275
-0.000669343
-0.000665954
-0.000662583
-0.000659228
-0.00065589
-0.000652569
-0.000649264
-0.000645977
-0.000642706
-0.000639452
-0.000636214
-0.000632992
-0.000629787
-0.000626597
-0.000623424
-0.000620267
-0.000617126
-0.000614001
-0.000610892
-0.000607798
-0.00060472
-0.000601658
-0.000598611
-0.000595579
-0.000592563
-0.000589562
-0.000586576
-0.000583605
-0.000580649
-0.000577709
-0.000574783
-0.000571872
-0.000568975
-0.000566093
-0.000563226
-0.000560374
-0.000557535
-0.000554711
-0.000551902
-0.000549106
-0.000546325
-0.000543558
-0.000540805
-0.000538065
-0.00053534
-0.000532628
-0.00052993
-0.000527246
-0.000524575
-0.000521918
-0.000519274
-0.000516644
-0.000514027
-0.000511423
-0.000508832
-0.000506255
-0.00050369
-0.000501139
-0.0004986
-0.000496074
-0.000493561
-0.000491061
-0.000488573
-0.000486098
-0.000483636
-0.000481186
-0.000478748
-0.000476323
-0.00047391
-0.000471509
-0.00046912
-0.000466744
-0.000464379
-0.000462027
-0.000459686
-0.000457357
-0.00045504
-0.000452735
-0.000450441
-0.000448159
-0.000445889
-0.00044363
-0.000441382
-0.000439146
-0.000436922
-0.000434708
-0.000432506
-0.000430315
-0.000428134
-0.000425965
-0.000423807
-0.00042166
-0.000419524
-0.000417399
-0.000415284
-0.00041318
-0.000411087
-0.000409004
-0.000406932
-0.00040487
-0.000402819
-0.000400778
-0.000398748
-0.000396728
-0.000394718
-0.000392718
-0.000390729
-0.000388749
-0.00038678
-0.00038482
-0.00038287
-0.000380931
-0.000379001
-0.000377081
-0.00037517
-0.00037327
-0.000371379
-0.000369497
-0.000367625
-0.000365763
-0.00036391
-0.000362066
-0.000360232
-0.000358407
-0.000356591
-0.000354785
-0.000352988
-0.000351199
-0.00034942
-0.00034765
-0.000345889
-0.000344137
-0.000342393
-0.000340659
-0.000338933
-0.000337216
-0.000335508
-0.000333808
-0.000332117
-0.000330435
-0.000328761
-0.000327096
-0.000325439
-0.00032379
-0.00032215
-0.000320518
-0.000318895
-0.000317279
-0.000315672
-0.000314073
-0.000312482
-0.000310899
-0.000309324
-0.000307758
-0.000306199
-0.000304648
-0.000303105
-0.000301569
-0.000300042
-0.000298522
-0.00029701
-0.000295506
-0.000294009
-0.00029252
-0.000291038
-0.000289564
-0.000288098
-0.000286639
-0.000285187
-0.000283743
-0.000282306
-0.000280876
-0.000279453
-0.000278038
-0.00027663
-0.000275229
-0.000273835
-0.000272448
-0.000271069
-0.000269696
-0.00026833
-0.000266971
-0.000265619
-0.000264274
-0.000262936
-0.000261605
-0.00026028
-0.000258962
-0.000257651
-0.000256346
-0.000255048
-0.000253756
-0.000252472
-0.000251193
-0.000249921
-0.000248656
-0.000247397
-0.000246144
-0.000244898
-0.000243658
-0.000242424
-0.000241197
-0.000239976
-0.000238761
-0.000237552
-0.00023635
-0.000235153
-0.000233963
-0.000232778
-0.0002316
-0.000230427
-0.000229261
-0.0002281
-0.000226945
-0.000225797
-0.000224654
-0.000223516
-0.000222385
-0.000221259
-0.000220139
-0.000219025
-0.000217917
-0.000216814
-0.000215716
-0.000214624
-0.000213538
-0.000212457
-0.000211382
-0.000210312
-0.000209248
-0.000208189
-0.000207135
-0.000206087
-0.000205044
-0.000204006
-0.000202974
-0.000201947
-0.000200925
-0.000199908
-0.000198896
-0.00019789
-0.000196889
-0.000195892
-0.000194901
-0.000193915
-0.000192934
-0.000191958
-0.000190986
-0.00019002
-0.000189059
-0.000188102
-0.000187151
-0.000186204
-0.000185262
-0.000184324
-0.000183392
-0.000182464
-0.000181541
-0.000180623
-0.000179709
-0.0001788
-0.000177896
-0.000176996
-0.0001761
-0.00017521
-0.000174323
-0.000173442
-0.000172564
-0.000171692
-0.000170823
-0.000169959
-0.0001691
-0.000168244
-0.000167394
-0.000166547
-0.000165705
-0.000164867
-0.000164033
-0.000163204
-0.000162378
-0.000161557
-0.00016074
-0.000159927
-0.000159119
-0.000158314
-0.000157514
-0.000156717
-0.000155925
-0.000155136
-0.000154352
-0.000153572
-0.000152795
-0.000152023
-0.000151254
-0.00015049
-0.000149729
-0.000148972
-0.000148219
-0.00014747
-0.000146724
-0.000145982
-0.000145244
-0.00014451
-0.00014378
-0.000143053
-0.00014233
-0.000141611
-0.000140895
-0.000140183
-0.000139474
-0.000138769
-0.000138068
-0.00013737
-0.000136676
-0.000135985
-0.000135298
-0.000134615
-0.000133934
-0.000133257
-0.000132584
-0.000131914
-0.000131248
-0.000130584
-0.000129925
-0.000129268
-0.000128615
-0.000127965
-0.000127319
-0.000126676
-0.000126036
-0.000125399
-0.000124765
-0.000124135
-0.000123508
-0.000122884
-0.000122263
-0.000121646
-0.000121031
-0.00012042
-0.000119812
-0.000119207
-0.000118604
-0.000118005
-0.000117409
-0.000116816
-0.000116226
-0.000115639
-0.000115055
-0.000114474
-0.000113896
-0.000113321
-0.000112749
-0.000112179
-0.000111613
-0.000111049
-0.000110489
-0.000109931
-0.000109376
-0.000108823
-0.000108274
-0.000107727
-0.000107183
-0.000106642
-0.000106104
-0.000105568
-0.000105035
-0.000104505
-0.000103978
-0.000103453
-0.00010293
-0.000102411
-0.000101894
-0.00010138
-0.000100868
-0.000100359
-9.98522e-05
-9.93482e-05
-9.88468e-05
-9.83479e-05
-9.78515e-05
-9.73577e-05
-9.68664e-05
-9.63775e-05
-9.58911e-05
-9.54072e-05
-9.49258e-05
-9.44468e-05
-9.39702e-05
-9.3496e-05
-9.30242e-05
-9.25548e-05
-9.20878e-05
-9.16232e-05
-9.11609e-05
-9.0701e-05
-9.02434e-05
-8.97881e-05
-8.93351e-05
-8.88844e-05
-8.8436e-05
-8.79899e-05
-8.7546e-05
-8.71043e-05
-8.6665e-05
-8.62278e-05
-8.57928e-05
-8.53601e-05
-8.49295e-05
-8.45011e-05
-8.40749e-05
-8.36509e-05
-8.3229e-05
-8.28092e-05
-8.23916e-05
-8.19761e-05
-8.15626e-05
-8.11513e-05
-8.07421e-05
-8.03349e-05
-7.99298e-05
-7.95267e-05
-7.91257e-05
-7.87267e-05
-7.83297e-05
-7.79348e-05
-7.75418e-05
-7.71508e-05
-7.67618e-05
-7.63748e-05
-7.59898e-05
-7.56066e-05
-7.52255e-05
-7.48462e-05
-7.44689e-05
-7.40935e-05
-7.372e-05
-7.33483e-05
-7.29786e-05
-7.26107e-05
-7.22447e-05
-7.18806e-05
-7.15182e-05
-7.11578e-05
-7.07991e-05
-7.04423e-05
-7.00872e-05
-6.9734e-05
-6.93825e-05
-6.90328e-05
-6.86849e-05
-6.83388e-05
-6.79944e-05
-6.76517e-05
-6.73108e-05
-6.69716e-05
-6.66342e-05
-6.62984e-05
-6.59643e-05
-6.56319e-05
-6.53012e-05
-6.49722e-05
-6.46448e-05
-6.43191e-05
-6.39951e-05
-6.36726e-05
-6.33519e-05
-6.30327e-05
-6.27151e-05
-6.23992e-05
-6.20848e-05
-6.17721e-05
-6.14609e-05
-6.11513e-05
-6.08433e-05
-6.05368e-05
-6.02318e-05
-5.99284e-05
-5.96266e-05
-5.93263e-05
-5.90275e-05
-5.87302e-05
-5.84344e-05
-5.81401e-05
-5.78472e-05
-5.75559e-05
-5.7266e-05
-5.69777e-05
-5.66907e-05
-5.64052e-05
-5.61212e-05
-5.58386e-05
-5.55574e-05
-5.52776e-05
-5.49993e-05
-5.47224e-05
-5.44468e-05
-5.41727e-05
-5.38999e-05
-5.36285e-05
-5.33585e-05
-5.30899e-05
-5.28226e-05
-5.25567e-05
-5.22921e-05
-5.20288e-05
-5.17669e-05
-5.15063e-05
-5.1247e-05
-5.0989e-05
-5.07323e-05
-5.0477e-05
-5.02229e-05
-4.99701e-05
-4.97186e-05
-4.94683e-05
-4.92193e-05
-4.89716e-05
-4.87251e-05
-4.84799e-05
-4.82359e-05
-4.79931e-05
-4.77516e-05
-4.75112e-05
-4.72721e-05
-4.70342e-05
-4.67976e-05
-4.65621e-05
-4.63277e-05
-4.60946e-05
-4.58627e-05
-4.56319e-05
-4.54023e-05
-4.51738e-05
-4.49465e-05
-4.47204e-05
-4.44954e-05
-4.42715e-05
-4.40487e-05
-4.38271e-05
-4.36066e-05
-4.33872e-05
-4.3169e-05
-4.29518e-05
-4.27357e-05
-4.25207e-05
-4.23068e-05
-4.2094e-05
-4.18822e-05
-4.16715e-05
-4.14619e-05
-4.12534e-05
-4.10459e-05
-4.08394e-05
-4.0634e-05
-4.04296e-05
-4.02263e-05
-4.00239e-05
-3.98226e-05
-3.96223e-05
-3.94231e-05
-3.92248e-05
-3.90275e-05
-3.88312e-05
-3.8636e-05
-3.84417e-05
-3.82483e-05
-3.8056e-05
-3.78646e-05
-3.76742e-05
-3.74848e-05
-3.72963e-05
-3.71087e-05
-3.69222e-05
-3.67365e-05
-3.65518e-05
-3.6368e-05
-3.61851e-05
-3.60032e-05
-3.58222e-05
-3.56421e-05
-3.54629e-05
-3.52846e-05
-3.51072e-05
-3.49307e-05
-3.47551e-05
-3.45804e-05
-3.44065e-05
-3.42336e-05
-3.40615e-05
-3.38903e-05
-3.37199e-05
-3.35504e-05
-3.33818e-05
-3.3214e-05
-3.3047e-05
-3.28809e-05
-3.27156e-05
-3.25512e-05
-3.23876e-05
-3.22248e-05
-3.20628e-05
-3.19017e-05
-3.17414e-05
-3.15818e-05
-3.14231e-05
-3.12652e-05
-3.11081e-05
-3.09517e-05
-3.07962e-05
-3.06414e-05
-3.04875e-05
-3.03343e-05
-3.01818e-05
-3.00302e-05
-2.98793e-05
-2.97291e-05
-2.95797e-05
-2.94311e-05
-2.92832e-05
-2.91361e-05
-2.89897e-05
-2.8844e-05
-2.86991e-05
-2.85549e-05
-2.84115e-05
-2.82687e-05
-2.81267e-05
-2.79854e-05
-2.78448e-05
-2.77049e-05
-2.75657e-05
-2.74272e-05
-2.72895e-05
-2.71524e-05
-2.7016e-05
-2.68803e-05
-2.67452e-05
-2.66109e-05
-2.64772e-05
-2.63442e-05
-2.62119e-05
-2.60802e-05
-2.59492e-05
-2.58189e-05
-2.56892e-05
-2.55602e-05
-2.54318e-05
-2.53041e-05
-2.5177e-05
-2.50505e-05
-2.49247e-05
-2.47996e-05
-2.4675e-05
-2.45511e-05
-2.44278e-05
-2.43051e-05
-2.41831e-05
-2.40616e-05
-2.39408e-05
-2.38206e-05
-2.37009e-05
-2.35819e-05
-2.34635e-05
-2.33457e-05
-2.32285e-05
-2.31118e-05
-2.29958e-05
-2.28803e-05
-2.27654e-05
-2.26511e-05
-2.25374e-05
-2.24242e-05
-2.23116e-05
-2.21996e-05
-2.20882e-05
-2.19773e-05
-2.18669e-05
-2.17571e-05
-2.16479e-05
-2.15392e-05
-2.14311e-05
-2.13235e-05
-2.12165e-05
-2.111e-05
-2.1004e-05
-2.08985e-05
-2.07936e-05
-2.06893e-05
-2.05854e-05
-2.04821e-05
-2.03793e-05
-2.0277e-05
-2.01752e-05
-2.00739e-05
-1.99732e-05
-1.98729e-05
-1.97732e-05
-1.96739e-05
-1.95752e-05
-1.94769e-05
-1.93792e-05
-1.92819e-05
-1.91851e-05
-1.90888e-05
-1.8993e-05
-1.88977e-05
-1.88029e-05
-1.87085e-05
-1.86146e-05
-1.85212e-05
-1.84282e-05
-1.83358e-05
-1.82438e-05
-1.81522e-05
-1.80611e-05
-1.79705e-05
-1.78803e-05
-1.77906e-05
-1.77013e-05
-1.76125e-05
-1.75241e-05
-1.74362e-05
-1.73487e-05
-1.72616e-05
-1.7175e-05
-1.70888e-05
-1.70031e-05
-1.69178e-05
-1.68329e-05
-1.67484e-05
-1.66644e-05
-1.65808e-05
-1.64976e-05
-1.64148e-05
-1.63325e-05
-1.62506e-05
-1.6169e-05
-1.60879e-05
-1.60072e-05
-1.59269e-05
-1.5847e-05
-1.57675e-05
-1.56884e-05
-1.56097e-05
-1.55314e-05
-1.54535e-05
-1.5376e-05
-1.52988e-05
-1.52221e-05
-1.51457e-05
-1.50698e-05
-1.49942e-05
-1.49189e-05
-1.48441e-05
-1.47697e-05
-1.46956e-05
-1.46219e-05
-1.45485e-05
-1.44755e-05
-1.44029e-05
-1.43307e-05
-1.42588e-05
-1.41873e-05
-1.41162e-05
-1.40454e-05
-1.39749e-05
-1.39048e-05
-1.38351e-05
-1.37657e-05
-1.36967e-05
-1.3628e-05
-1.35596e-05
-1.34916e-05
-1.3424e-05
-1.33566e-05
-1.32897e-05
-1.3223e-05
-1.31567e-05
-1.30907e-05
-1.30251e-05
-1.29598e-05
-1.28948e-05
-1.28301e-05
-1.27658e-05
-1.27018e-05
-1.26381e-05
-1.25747e-05
-1.25117e-05
-1.24489e-05
-1.23865e-05
-1.23244e-05
-1.22626e-05
-1.22011e-05
-1.21399e-05
-1.20791e-05
-1.20185e-05
-1.19582e-05
-1.18983e-05
-1.18386e-05
-1.17793e-05
-1.17202e-05
-1.16614e-05
-1.1603e-05
-1.15448e-05
-1.14869e-05
-1.14293e-05
-1.1372e-05
-1.1315e-05
-1.12583e-05
-1.12019e-05
-1.11457e-05
-1.10898e-05
-1.10342e-05
-1.09789e-05
-1.09239e-05
-1.08691e-05
-1.08146e-05
-1.07604e-05
-1.07065e-05
-1.06528e-05
-1.05994e-05
-1.05463e-05
-1.04934e-05
-1.04408e-05
-1.03885e-05
-1.03364e-05
-1.02846e-05
-1.0233e-05
-1.01817e-05
-1.01307e-05
-1.00799e-05
-1.00294e-05
-9.97913e-06
-9.92912e-06
-9.87935e-06
-9.82983e-06
-9.78056e-06
-9.73154e-06
-9.68277e-06
-9.63424e-06
-9.58595e-06
-9.53791e-06
-9.4901e-06
-9.44254e-06
-9.39522e-06
-9.34813e-06
-9.30128e-06
-9.25466e-06
