-0.161353
-0.157469
-0.154133
-0.151237
-0.148696
-0.146443
-0.144425
-0.142599
-0.140933
-0.1394
-0.137977
-0.136648
-0.135399
-0.134218
-0.133095
-0.132022
-0.130994
-0.130005
-0.12905
-0.128125
-0.127227
-0.126354
-0.125503
-0.124672
-0.123859
-0.123063
-0.122283
-0.121516
-0.120763
-0.120022
-0.119293
-0.118574
-0.117865
-0.117166
-0.116477
-0.115795
-0.115122
-0.114457
-0.113799
-0.113148
-0.112504
-0.111867
-0.111236
-0.110611
-0.109991
-0.109378
-0.10877
-0.108168
-0.10757
-0.106978
-0.106391
-0.105808
-0.105231
-0.104657
-0.104088
-0.103524
-0.102964
-0.102408
-0.101856
-0.101308
-0.100764
-0.100224
-0.0996874
-0.0991548
-0.0986258
-0.0981005
-0.0975787
-0.0970604
-0.0965455
-0.096034
-0.0955259
-0.0950211
-0.0945195
-0.0940211
-0.0935259
-0.0930338
-0.0925448
-0.0920589
-0.0915759
-0.091096
-0.090619
-0.0901449
-0.0896736
-0.0892053
-0.0887397
-0.0882769
-0.0878169
-0.0873596
-0.086905
-0.0864531
-0.0860039
-0.0855572
-0.0851132
-0.0846718
-0.0842329
-0.0837965
-0.0833627
-0.0829313
-0.0825024
-0.0820759
-0.0816519
-0.0812303
-0.080811
-0.0803942
-0.0799796
-0.0795674
-0.0791575
-0.0787499
-0.0783446
-0.0779415
-0.0775406
-0.077142
-0.0767456
-0.0763513
-0.0759593
-0.0755694
-0.0751816
-0.074796
-0.0744124
-0.074031
-0.0736516
-0.0732743
-0.0728991
-0.0725259
-0.0721547
-0.0717855
-0.0714184
-0.0710532
-0.07069
-0.0703287
-0.0699694
-0.069612
-0.0692565
-0.0689029
-0.0685512
-0.0682015
-0.0678535
-0.0675075
-0.0671632
-0.0668208
-0.0664803
-0.0661415
-0.0658045
-0.0654694
-0.065136
-0.0648043
-0.0644745
-0.0641463
-0.0638199
-0.0634953
-0.0631723
-0.062851
-0.0625315
-0.0622136
-0.0618974
-0.0615828
-0.0612699
-0.0609586
-0.060649
-0.060341
-0.0600346
-0.0597298
-0.0594267
-0.059125
-0.058825
-0.0585266
-0.0582296
-0.0579343
-0.0576405
-0.0573482
-0.0570574
-0.0567682
-0.0564804
-0.0561942
-0.0559094
-0.0556261
-0.0553443
-0.055064
-0.0547851
-0.0545076
-0.0542316
-0.053957
-0.0536839
-0.0534121
-0.0531418
-0.0528729
-0.0526053
-0.0523391
-0.0520743
-0.0518109
-0.0515489
-0.0512881
-0.0510288
-0.0507707
-0.050514
-0.0502587
-0.0500046
-0.0497518
-0.0495004
-0.0492502
-0.0490014
-0.0487538
-0.0485075
-0.0482624
-0.0480186
-0.0477761
-0.0475348
-0.0472947
-0.0470559
-0.0468183
-0.0465819
-0.0463467
-0.0461128
-0.04588
-0.0456484
-0.0454181
-0.0451889
-0.0449608
-0.044734
-0.0445083
-0.0442837
-0.0440603
-0.0438381
-0.0436169
-0.0433969
-0.0431781
-0.0429603
-0.0427437
-0.0425282
-0.0423137
-0.0421004
-0.0418882
-0.041677
-0.0414669
-0.0412579
-0.04105
-0.0408431
-0.0406373
-0.0404325
-0.0402287
-0.040026
-0.0398244
-0.0396237
-0.0394241
-0.0392255
-0.0390279
-0.0388314
-0.0386358
-0.0384412
-0.0382476
-0.038055
-0.0378634
-0.0376727
-0.037483
-0.0372943
-0.0371065
-0.0369197
-0.0367339
-0.0365489
-0.036365
-0.0361819
-0.0359998
-0.0358186
-0.0356384
-0.035459
-0.0352806
-0.035103
-0.0349264
-0.0347507
-0.0345758
-0.0344019
-0.0342288
-0.0340566
-0.0338853
-0.0337148
-0.0335452
-0.0333765
-0.0332086
-0.0330416
-0.0328754
-0.0327101
-0.0325456
-0.0323819
-0.0322191
-0.0320571
-0.0318959
-0.0317355
-0.031576
-0.0314172
-0.0312593
-0.0311021
-0.0309457
-0.0307902
-0.0306354
-0.0304814
-0.0303282
-0.0301758
-0.0300241
-0.0298732
-0.0297231
-0.0295737
-0.0294251
-0.0292772
-0.0291301
-0.0289837
-0.0288381
-0.0286932
-0.028549
-0.0284056
-0.0282628
-0.0281208
-0.0279796
-0.027839
-0.0276992
-0.02756
-0.0274216
-0.0272838
-0.0271468
-0.0270104
-0.0268747
-0.0267398
-0.0266055
-0.0264718
-0.0263389
-0.0262066
-0.026075
-0.0259441
-0.0258138
-0.0256842
-0.0255552
-0.0254269
-0.0252992
-0.0251722
-0.0250458
-0.02492
-0.0247949
-0.0246704
-0.0245466
-0.0244233
-0.0243007
-0.0241787
-0.0240574
-0.0239366
-0.0238164
-0.0236969
-0.0235779
-0.0234596
-0.0233418
-0.0232247
-0.0231081
-0.0229921
-0.0228767
-0.0227619
-0.0226477
-0.022534
-0.022421
-0.0223084
-0.0221965
-0.0220851
-0.0219743
-0.021864
-0.0217543
-0.0216451
-0.0215365
-0.0214285
-0.021321
-0.021214
-0.0211076
-0.0210017
-0.0208963
-0.0207915
-0.0206871
-0.0205834
-0.0204801
-0.0203774
-0.0202751
-0.0201734
-0.0200722
-0.0199715
-0.0198714
-0.0197717
-0.0196725
-0.0195738
-0.0194757
-0.019378
-0.0192808
-0.0191841
-0.0190879
-0.0189921
-0.0188969
-0.0188021
-0.0187078
-0.018614
-0.0185206
-0.0184278
-0.0183354
-0.0182434
-0.0181519
-0.0180609
-0.0179703
-0.0178802
-0.0177906
-0.0177014
-0.0176126
-0.0175243
-0.0174364
-0.017349
-0.017262
-0.0171755
-0.0170893
-0.0170037
-0.0169184
-0.0168336
-0.0167492
-0.0166652
-0.0165817
-0.0164985
-0.0164158
-0.0163335
-0.0162517
-0.0161702
-0.0160891
-0.0160085
-0.0159282
-0.0158484
-0.0157689
-0.0156899
-0.0156112
-0.015533
-0.0154551
-0.0153777
-0.0153006
-0.0152239
-0.0151476
-0.0150717
-0.0149961
-0.014921
-0.0148462
-0.0147718
-0.0146978
-0.0146241
-0.0145508
-0.0144779
-0.0144053
-0.0143331
-0.0142613
-0.0141898
-0.0141187
-0.014048
-0.0139776
-0.0139075
-0.0138378
-0.0137685
-0.0136995
-0.0136308
-0.0135625
-0.0134946
-0.013427
-0.0133597
-0.0132927
-0.0132261
-0.0131599
-0.0130939
-0.0130283
-0.012963
-0.0128981
-0.0128335
-0.0127692
-0.0127052
-0.0126415
-0.0125782
-0.0125152
-0.0124525
-0.0123901
-0.012328
-0.0122663
-0.0122048
-0.0121437
-0.0120828
-0.0120223
-0.0119621
-0.0119021
-0.0118425
-0.0117832
-0.0117242
-0.0116654
-0.011607
-0.0115488
-0.011491
-0.0114334
-0.0113762
-0.0113192
-0.0112625
-0.0112061
-0.0111499
-0.0110941
-0.0110385
-0.0109832
-0.0109282
-0.0108735
-0.010819
-0.0107648
-0.0107109
-0.0106572
-0.0106039
-0.0105508
-0.0104979
-0.0104453
-0.010393
-0.010341
-0.0102892
-0.0102376
-0.0101864
-0.0101353
-0.0100846
-0.0100341
-0.00998383
-0.00993383
-0.00988408
-0.00983458
-0.00978533
-0.00973632
-0.00968756
-0.00963905
-0.00959078
-0.00954275
-0.00949496
-0.00944741
-0.0094001
-0.00935303
-0.00930619
-0.00925959
-0.00921322
-0.00916708
-0.00912118
-0.0090755
-0.00903006
-0.00898484
-0.00893985
-0.00889508
-0.00885054
-0.00880623
-0.00876213
-0.00871826
-0.0086746
-0.00863117
-0.00858795
-0.00854495
-0.00850216
-0.00845959
-0.00841724
-0.00837509
-0.00833316
-0.00829143
-0.00824992
-0.00820861
-0.00816751
-0.00812662
-0.00808593
-0.00804545
-0.00800517
-0.00796509
-0.00792521
-0.00788553
-0.00784605
-0.00780677
-0.00776768
-0.00772879
-0.0076901
-0.0076516
-0.00761329
-0.00757518
-0.00753725
-0.00749952
-0.00746197
-0.00742462
-0.00738745
-0.00735046
-0.00731367
-0.00727705
-0.00724062
-0.00720438
-0.00716831
-0.00713242
-0.00709672
-0.00706119
-0.00702584
-0.00699067
-0.00695568
-0.00692086
-0.00688621
-0.00685174
-0.00681744
-0.00678332
-0.00674936
-0.00671558
-0.00668196
-0.00664851
-0.00661523
-0.00658212
-0.00654917
-0.00651639
-0.00648377
-0.00645131
-0.00641902
-0.00638689
-0.00635492
-0.00632311
-0.00629146
-0.00625997
-0.00622864
-0.00619746
-0.00616644
-0.00613557
-0.00610486
-0.00607431
-0.0060439
-0.00601365
-0.00598355
-0.0059536
-0.0059238
-0.00589415
-0.00586465
-0.0058353
-0.00580609
-0.00577703
-0.00574812
-0.00571935
-0.00569072
-0.00566224
-0.0056339
-0.00560571
-0.00557765
-0.00554973
-0.00552196
-0.00549432
-0.00546682
-0.00543946
-0.00541224
-0.00538515
-0.0053582
-0.00533138
-0.0053047
-0.00527815
-0.00525174
-0.00522545
-0.0051993
-0.00517328
-0.00514739
-0.00512163
-0.005096
-0.0050705
-0.00504512
-0.00501987
-0.00499475
-0.00496976
-0.00494488
-0.00492014
-0.00489552
-0.00487102
-0.00484664
-0.00482239
-0.00479825
-0.00477424
-0.00475035
-0.00472658
-0.00470292
-0.00467939
-0.00465597
-0.00463267
-0.00460949
-0.00458642
-0.00456347
-0.00454064
-0.00451791
-0.00449531
-0.00447281
-0.00445043
-0.00442816
-0.004406
-0.00438395
-0.00436201
-0.00434019
-0.00431847
-0.00429686
-0.00427536
-0.00425396
-0.00423268
-0.0042115
-0.00419042
-0.00416946
-0.00414859
-0.00412783
-0.00410718
-0.00408663
-0.00406618
-0.00404583
-0.00402559
-0.00400544
-0.0039854
-0.00396546
-0.00394562
-0.00392588
-0.00390623
-0.00388669
-0.00386724
-0.00384789
-0.00382864
-0.00380948
-0.00379042
-0.00377145
-0.00375258
-0.0037338
-0.00371512
-0.00369653
-0.00367804
-0.00365964
-0.00364132
-0.0036231
-0.00360498
-0.00358694
-0.00356899
-0.00355114
-0.00353337
-0.00351569
-0.0034981
-0.0034806
-0.00346318
-0.00344585
-0.00342861
-0.00341146
-0.00339439
-0.00337741
-0.00336051
-0.0033437
-0.00332697
-0.00331032
-0.00329376
-0.00327728
-0.00326088
-0.00324457
-0.00322834
-0.00321218
-0.00319611
-0.00318012
-0.00316421
-0.00314838
-0.00313263
-0.00311696
-0.00310136
-0.00308585
-0.00307041
-0.00305505
-0.00303976
-0.00302455
-0.00300942
-0.00299437
-0.00297939
-0.00296448
-0.00294965
-0.00293489
-0.00292021
-0.0029056
-0.00289106
-0.0028766
-0.00286221
-0.00284789
-0.00283364
-0.00281947
-0.00280536
-0.00279133
-0.00277736
-0.00276347
-0.00274964
-0.00273589
-0.0027222
-0.00270858
-0.00269503
-0.00268155
-0.00266813
-0.00265478
-0.0026415
-0.00262829
-0.00261514
-0.00260206
-0.00258904
-0.00257609
-0.0025632
-0.00255038
-0.00253762
-0.00252493
-0.00251229
-0.00249973
-0.00248722
-0.00247478
-0.0024624
-0.00245008
-0.00243782
-0.00242563
-0.00241349
-0.00240142
-0.00238941
-0.00237745
-0.00236556
-0.00235373
-0.00234195
-0.00233024
-0.00231858
-0.00230698
-0.00229544
-0.00228396
-0.00227253
-0.00226117
-0.00224985
-0.0022386
-0.0022274
-0.00221626
-0.00220517
-0.00219414
-0.00218317
-0.00217225
-0.00216138
-0.00215057
-0.00213981
-0.00212911
-0.00211846
-0.00210786
-0.00209731
-0.00208682
-0.00207638
-0.002066
-0.00205566
-0.00204538
-0.00203515
-0.00202497
-0.00201484
-0.00200476
-0.00199473
-0.00198475
-0.00197483
-0.00196495
-0.00195512
-0.00194534
-0.00193561
-0.00192593
-0.00191629
-0.00190671
-0.00189717
-0.00188768
-0.00187824
-0.00186884
-0.0018595
-0.00185019
-0.00184094
-0.00183173
-0.00182257
-0.00181345
-0.00180438
-0.00179536
-0.00178638
-0.00177744
-0.00176855
-0.0017597
-0.0017509
-0.00174214
-0.00173343
-0.00172476
-0.00171613
-0.00170755
-0.00169901
-0.00169051
-0.00168205
-0.00167364
-0.00166527
-0.00165694
-0.00164865
-0.0016404
-0.0016322
-0.00162403
-0.00161591
-0.00160783
-0.00159979
-0.00159179
-0.00158382
-0.0015759
-0.00156802
-0.00156018
-0.00155237
-0.00154461
-0.00153688
-0.0015292
-0.00152155
-0.00151394
-0.00150636
-0.00149883
-0.00149133
-0.00148387
-0.00147645
-0.00146907
-0.00146172
-0.00145441
-0.00144713
-0.0014399
-0.00143269
-0.00142553
-0.0014184
-0.0014113
-0.00140424
-0.00139722
-0.00139023
-0.00138328
-0.00137636
-0.00136948
-0.00136263
-0.00135581
-0.00134903
-0.00134228
-0.00133557
-0.00132889
-0.00132224
-0.00131563
-0.00130905
-0.0013025
-0.00129599
-0.00128951
-0.00128306
-0.00127664
-0.00127025
-0.0012639
-0.00125758
-0.00125129
-0.00124503
-0.0012388
-0.00123261
-0.00122644
-0.00122031
-0.00121421
-0.00120813
-0.00120209
-0.00119608
-0.0011901
-0.00118414
-0.00117822
-0.00117233
-0.00116647
-0.00116063
-0.00115483
-0.00114905
-0.0011433
-0.00113759
-0.0011319
-0.00112624
-0.0011206
-0.001115
-0.00110942
-0.00110387
-0.00109835
-0.00109286
-0.00108739
-0.00108195
-0.00107654
-0.00107116
-0.0010658
-0.00106047
-0.00105517
-0.00104989
-0.00104464
-0.00103941
-0.00103422
-0.00102904
-0.0010239
-0.00101878
-0.00101368
-0.00100861
-0.00100357
-0.000998548
-0.000993554
-0.000988585
-0.000983641
-0.000978722
-0.000973827
-0.000968956
-0.00096411
-0.000959289
-0.000954491
-0.000949717
-0.000944968
-0.000940242
-0.000935539
-0.000930861
-0.000926205
-0.000921573
-0.000916964
-0.000912378
-0.000907815
-0.000903275
-0.000898758
-0.000894263
-0.00088979
-0.00088534
-0.000880913
-0.000876507
-0.000872124
-0.000867762
-0.000863422
-0.000859104
-0.000854808
-0.000850533
-0.000846279
-0.000842047
-0.000837835
-0.000833645
-0.000829476
-0.000825328
-0.0008212
-0.000817093
-0.000813007
-0.000808941
-0.000804896
-0.00080087
-0.000796865
-0.00079288
-0.000788915
-0.000784969
-0.000781043
-0.000777137
-0.000773251
-0.000769384
-0.000765536
-0.000761708
-0.000757898
-0.000754108
-0.000750337
-0.000746584
-0.000742851
-0.000739136
-0.000735439
-0.000731761
-0.000728102
-0.00072446
-0.000720837
-0.000717232
-0.000713646
-0.000710077
-0.000706526
-0.000702992
-0.000699477
-0.000695979
-0.000692498
-0.000689035
-0.000685589
-0.00068216
-0.000678749
-0.000675355
-0.000671977
-0.000668617
-0.000665273
-0.000661946
-0.000658636
-0.000655342
-0.000652064
-0.000648804
-0.000645559
-0.000642331
-0.000639118
-0.000635922
-0.000632742
-0.000629578
-0.000626429
-0.000623296
-0.000620179
-0.000617078
-0.000613992
-0.000610922
-0.000607866
-0.000604827
-0.000601802
-0.000598792
-0.000595798
-0.000592818
-0.000589854
-0.000586904
-0.000583969
-0.000581049
-0.000578143
-0.000575252
-0.000572375
-0.000569513
-0.000566665
-0.000563831
-0.000561011
-0.000558206
-0.000555414
-0.000552637
-0.000549873
-0.000547123
-0.000544387
-0.000541665
-0.000538956
-0.000536261
-0.000533579
-0.000530911
-0.000528256
-0.000525614
-0.000522986
-0.00052037
-0.000517768
-0.000515179
-0.000512602
-0.000510039
-0.000507488
-0.000504951
-0.000502425
-0.000499913
-0.000497413
-0.000494926
-0.000492451
-0.000489988
-0.000487538
-0.0004851
-0.000482674
-0.00048026
-0.000477858
-0.000475469
-0.000473091
-0.000470725
-0.000468371
-0.000466029
-0.000463699
-0.00046138
-0.000459073
-0.000456777
-0.000454493
-0.00045222
-0.000449958
-0.000447708
-0.000445469
-0.000443242
-0.000441025
-0.00043882
-0.000436625
-0.000434442
-0.00043227
-0.000430108
-0.000427957
-0.000425817
-0.000423688
-0.000421569
-0.000419461
-0.000417363
-0.000415276
-0.000413199
-0.000411133
-0.000409077
-0.000407032
-0.000404996
-0.000402971
-0.000400956
-0.000398951
-0.000396956
-0.000394971
-0.000392996
-0.00039103
-0.000389075
-0.000387129
-0.000385193
-0.000383267
-0.000381351
-0.000379444
-0.000377546
-0.000375658
-0.00037378
-0.000371911
-0.000370051
-0.0003682
-0.000366359
-0.000364527
-0.000362704
-0.000360891
-0.000359086
-0.00035729
-0.000355504
-0.000353726
-0.000351957
-0.000350197
-0.000348446
-0.000346703
-0.00034497
-0.000343245
-0.000341528
-0.00033982
-0.000338121
-0.00033643
-0.000334748
-0.000333074
-0.000331408
-0.000329751
-0.000328102
-0.000326462
-0.000324829
-0.000323205
-0.000321589
-0.00031998
-0.00031838
-0.000316788
-0.000315204
-0.000313628
-0.00031206
-0.000310499
-0.000308947
-0.000307402
-0.000305864
-0.000304335
-0.000302813
-0.000301299
-0.000299792
-0.000298293
-0.000296802
-0.000295317
-0.000293841
-0.000292371
-0.000290909
-0.000289455
-0.000288007
-0.000286567
-0.000285134
-0.000283708
-0.00028229
-0.000280878
-0.000279473
-0.000278076
-0.000276685
-0.000275302
-0.000273925
-0.000272555
-0.000271193
-0.000269836
-0.000268487
-0.000267145
-0.000265809
-0.00026448
-0.000263157
-0.000261841
-0.000260532
-0.000259229
-0.000257933
-0.000256643
-0.00025536
-0.000254083
-0.000252812
-0.000251548
-0.00025029
-0.000249039
-0.000247793
-0.000246554
-0.000245321
-0.000244095
-0.000242874
-0.00024166
-0.000240451
-0.000239249
-0.000238052
-0.000236862
-0.000235678
-0.000234499
-0.000233327
-0.00023216
-0.000230999
-0.000229844
-0.000228694
-0.000227551
-0.000226413
-0.000225281
-0.000224154
-0.000223034
-0.000221918
-0.000220809
-0.000219704
-0.000218606
-0.000217513
-0.000216425
-0.000215343
-0.000214266
-0.000213195
-0.000212129
-0.000211068
-0.000210012
-0.000208962
-0.000207917
-0.000206878
-0.000205843
-0.000204814
-0.00020379
-0.000202771
-0.000201757
-0.000200748
-0.000199744
-0.000198745
-0.000197752
-0.000196763
-0.000195779
-0.0001948
-0.000193826
-0.000192857
-0.000191892
-0.000190933
-0.000189978
-0.000189028
-0.000188083
-0.000187142
-0.000186207
-0.000185275
-0.000184349
-0.000183427
-0.00018251
-0.000181597
-0.000180689
-0.000179786
-0.000178887
-0.000177992
-0.000177102
-0.000176217
-0.000175336
-0.000174459
-0.000173586
-0.000172718
-0.000171855
-0.000170995
-0.00017014
-0.00016929
-0.000168443
-0.000167601
-0.000166763
-0.000165929
-0.000165099
-0.000164274
-0.000163452
-0.000162635
-0.000161822
-0.000161013
-0.000160207
-0.000159406
-0.000158609
-0.000157816
-0.000157027
-0.000156242
-0.000155461
-0.000154683
-0.00015391
-0.00015314
-0.000152374
-0.000151613
-0.000150854
-0.0001501
-0.00014935
-0.000148603
-0.00014786
-0.00014712
-0.000146385
-0.000145653
-0.000144924
-0.0001442
-0.000143479
-0.000142761
-0.000142047
-0.000141337
-0.00014063
-0.000139927
-0.000139228
-0.000138531
-0.000137839
-0.000137149
-0.000136464
-0.000135781
-0.000135102
-0.000134427
-0.000133755
-0.000133086
-0.00013242
-0.000131758
-0.000131099
-0.000130444
-0.000129792
-0.000129143
-0.000128497
-0.000127854
-0.000127215
-0.000126579
-0.000125946
-0.000125316
-0.00012469
-0.000124066
-0.000123446
-0.000122828
-0.000122214
-0.000121603
-0.000120995
-0.00012039
-0.000119788
-0.000119189
-0.000118593
-0.000118
-0.00011741
-0.000116823
-0.000116239
-0.000115658
-0.000115079
-0.000114504
-0.000113931
-0.000113362
-0.000112795
-0.000112231
-0.00011167
-0.000111111
-0.000110556
-0.000110003
-0.000109453
-0.000108906
-0.000108361
-0.000107819
-0.00010728
-0.000106744
-0.00010621
-0.000105679
-0.00010515
-0.000104625
-0.000104102
-0.000103581
-0.000103063
-0.000102548
-0.000102035
-0.000101525
-0.000101017
-0.000100512
-0.000100009
-9.95094e-05
-9.90118e-05
-9.85167e-05
-9.80241e-05
-9.7534e-05
-9.70463e-05
-9.6561e-05
-9.60782e-05
-9.55978e-05
-9.51198e-05
-9.46441e-05
-9.41709e-05
-9.37e-05
-9.32315e-05
-9.27653e-05
-9.23015e-05
-9.184e-05
-9.13807e-05
-9.09238e-05
-9.04692e-05
-9.00168e-05
-8.95667e-05
-8.91188e-05
-8.86732e-05
-8.82298e-05
-8.77887e-05
-8.73497e-05
-8.6913e-05
-8.64784e-05
-8.6046e-05
-8.56157e-05
-8.51876e-05
-8.47617e-05
-8.43378e-05
-8.39161e-05
-8.34965e-05
-8.3079e-05
-8.26636e-05
-8.22503e-05
-8.1839e-05
-8.14298e-05
-8.10226e-05
-8.06175e-05
-8.02144e-05
-7.98133e-05
-7.94142e-05
-7.90171e-05
-7.8622e-05
-7.82289e-05
-7.78378e-05
-7.74486e-05
-7.70613e-05
-7.6676e-05
-7.62926e-05
-7.59111e-05
-7.55315e-05
-7.51539e-05
-7.47781e-05
-7.44042e-05
-7.40321e-05
-7.3662e-05
-7.32936e-05
-7.29272e-05
-7.25625e-05
-7.21997e-05
-7.18387e-05
-7.14795e-05
-7.11221e-05
-7.07664e-05
-7.04126e-05
-7.00605e-05
-6.97102e-05
-6.93616e-05
-6.90148e-05
-6.86697e-05
-6.83264e-05
-6.79847e-05
-6.76448e-05
-6.73066e-05
-6.697e-05
-6.66351e-05
-6.6302e-05
-6.59704e-05
-6.56406e-05
-6.53124e-05
-6.49858e-05
-6.46608e-05
-6.43375e-05
-6.40158e-05
-6.36957e-05
-6.33773e-05
-6.30604e-05
-6.2745e-05
-6.24313e-05
-6.21191e-05
-6.18085e-05
-6.14995e-05
-6.1192e-05
-6.0886e-05
-6.05816e-05
-6.02786e-05
-5.99772e-05
-5.96773e-05
-5.9379e-05
-5.9082e-05
-5.87866e-05
-5.84927e-05
-5.82002e-05
-5.79092e-05
-5.76196e-05
-5.73315e-05
-5.70449e-05
-5.67596e-05
-5.64758e-05
-5.61934e-05
-5.59125e-05
-5.56329e-05
-5.53547e-05
-5.50779e-05
-5.48025e-05
-5.45285e-05
-5.42559e-05
-5.39846e-05
-5.37147e-05
-5.34461e-05
-5.31788e-05
-5.29129e-05
-5.26484e-05
-5.23851e-05
-5.21232e-05
-5.18626e-05
-5.16032e-05
-5.13452e-05
-5.10885e-05
-5.0833e-05
-5.05789e-05
-5.0326e-05
-5.00743e-05
-4.98239e-05
-4.95748e-05
-4.93269e-05
-4.90803e-05
-4.88349e-05
-4.85907e-05
-4.83477e-05
-4.8106e-05
-4.78655e-05
-4.76261e-05
-4.7388e-05
-4.7151e-05
-4.69153e-05
-4.66807e-05
-4.64473e-05
-4.6215e-05
-4.5984e-05
-4.5754e-05
-4.55253e-05
-4.52976e-05
-4.50711e-05
-4.48458e-05
-4.46215e-05
-4.43984e-05
-4.41764e-05
-4.39555e-05
-4.37358e-05
-4.35171e-05
-4.32995e-05
-4.3083e-05
-4.28676e-05
-4.26532e-05
-4.24399e-05
-4.22277e-05
-4.20166e-05
-4.18065e-05
-4.15975e-05
-4.13895e-05
-4.11825e-05
-4.09766e-05
-4.07717e-05
-4.05679e-05
-4.0365e-05
-4.01632e-05
-3.99624e-05
-3.97625e-05
-3.95637e-05
-3.93659e-05
-3.91691e-05
-3.89732e-05
-3.87783e-05
-3.85845e-05
-3.83915e-05
-3.81996e-05
-3.80086e-05
-3.78185e-05
-3.76294e-05
-3.74413e-05
-3.72541e-05
-3.70678e-05
-3.68824e-05
-3.6698e-05
-3.65145e-05
-3.63319e-05
-3.61503e-05
-3.59695e-05
-3.57897e-05
-3.56107e-05
-3.54327e-05
-3.52555e-05
-3.50792e-05
-3.49038e-05
-3.47293e-05
-3.45556e-05
-3.43829e-05
-3.42109e-05
-3.40399e-05
-3.38697e-05
-3.37003e-05
-3.35318e-05
-3.33642e-05
-3.31973e-05
-3.30314e-05
-3.28662e-05
-3.27019e-05
-3.25383e-05
-3.23756e-05
-3.22138e-05
-3.20527e-05
-3.18924e-05
-3.1733e-05
-3.15743e-05
-3.14164e-05
-3.12593e-05
-3.1103e-05
-3.09475e-05
-3.07928e-05
-3.06388e-05
-3.04856e-05
-3.03332e-05
-3.01815e-05
-3.00306e-05
-2.98804e-05
-2.9731e-05
-2.95824e-05
-2.94345e-05
-2.92873e-05
-2.91409e-05
-2.89951e-05
-2.88502e-05
-2.87059e-05
-2.85624e-05
-2.84196e-05
-2.82775e-05
-2.81361e-05
-2.79954e-05
-2.78554e-05
-2.77161e-05
-2.75776e-05
-2.74397e-05
-2.73025e-05
-2.71659e-05
-2.70301e-05
-2.6895e-05
-2.67605e-05
-2.66267e-05
-2.64935e-05
-2.63611e-05
-2.62293e-05
-2.60981e-05
-2.59676e-05
-2.58378e-05
-2.57086e-05
-2.558e-05
-2.54521e-05
-2.53249e-05
-2.51983e-05
-2.50723e-05
-2.49469e-05
-2.48222e-05
-2.4698e-05
-2.45746e-05
-2.44517e-05
-2.43294e-05
-2.42078e-05
-2.40867e-05
-2.39663e-05
-2.38465e-05
-2.37272e-05
-2.36086e-05
-2.34905e-05
-2.33731e-05
-2.32562e-05
-2.31399e-05
-2.30242e-05
-2.29091e-05
-2.27946e-05
-2.26806e-05
-2.25672e-05
-2.24544e-05
-2.23421e-05
-2.22304e-05
-2.21192e-05
-2.20086e-05
-2.18986e-05
-2.17891e-05
-2.16801e-05
-2.15717e-05
-2.14639e-05
-2.13565e-05
-2.12498e-05
-2.11435e-05
-2.10378e-05
-2.09326e-05
-2.08279e-05
-2.07238e-05
-2.06202e-05
-2.05171e-05
-2.04145e-05
-2.03124e-05
-2.02108e-05
-2.01098e-05
-2.00092e-05
-1.99092e-05
-1.98096e-05
-1.97106e-05
-1.9612e-05
-1.9514e-05
-1.94164e-05
-1.93193e-05
-1.92227e-05
-1.91266e-05
-1.9031e-05
-1.89358e-05
-1.88411e-05
-1.87469e-05
-1.86532e-05
-1.85599e-05
-1.84671e-05
-1.83748e-05
-1.82829e-05
-1.81915e-05
-1.81005e-05
-1.801e-05
-1.792e-05
-1.78304e-05
-1.77412e-05
-1.76525e-05
-1.75643e-05
-1.74764e-05
-1.73891e-05
-1.73021e-05
-1.72156e-05
-1.71295e-05
-1.70439e-05
-1.69587e-05
-1.68739e-05
-1.67895e-05
-1.67055e-05
-1.6622e-05
-1.65389e-05
-1.64562e-05
-1.63739e-05
-1.6292e-05
-1.62106e-05
-1.61295e-05
-1.60489e-05
-1.59686e-05
-1.58888e-05
-1.58094e-05
-1.57303e-05
-1.56517e-05
-1.55734e-05
-1.54955e-05
-1.5418e-05
-1.5341e-05
-1.52642e-05
-1.51879e-05
-1.5112e-05
-1.50364e-05
-1.49612e-05
-1.48864e-05
-1.4812e-05
-1.47379e-05
-1.46643e-05
-1.45909e-05
-1.4518e-05
-1.44454e-05
-1.43732e-05
-1.43013e-05
-1.42298e-05
-1.41586e-05
-1.40878e-05
-1.40174e-05
-1.39473e-05
-1.38776e-05
-1.38082e-05
-1.37391e-05
-1.36704e-05
-1.36021e-05
-1.35341e-05
-1.34664e-05
-1.33991e-05
-1.33321e-05
-1.32654e-05
-1.31991e-05
-1.31331e-05
-1.30674e-05
-1.30021e-05
-1.29371e-05
-1.28724e-05
-1.2808e-05
-1.2744e-05
-1.26803e-05
-1.26169e-05
-1.25538e-05
-1.2491e-05
-1.24286e-05
-1.23664e-05
-1.23046e-05
-1.22431e-05
-1.21818e-05
-1.21209e-05
-1.20603e-05
-1.2e-05
-1.194e-05
-1.18803e-05
-1.18209e-05
-1.17618e-05
-1.1703e-05
-1.16445e-05
-1.15863e-05
-1.15283e-05
-1.14707e-05
-1.14133e-05
-1.13563e-05
-1.12995e-05
-1.1243e-05
-1.11868e-05
-1.11308e-05
-1.10752e-05
-1.10198e-05
-1.09647e-05
-1.09099e-05
-1.08553e-05
-1.08011e-05
-1.07471e-05
-1.06933e-05
-1.06399e-05
-1.05867e-05
-1.05337e-05
-1.0481e-05
-1.04286e-05
-1.03765e-05
-1.03246e-05
-1.0273e-05
-1.02216e-05
-1.01705e-05
-1.01197e-05
-1.00691e-05
-1.00187e-05
-9.96863e-06
