0.000339
0.000281
0.000315
0.000374
0.000257
0.000261
0.000219
0.000215
0.00022
0.000204
0.000207
0.000244
0.000249
0.000243
0.000296
0.000229
0.000196
0.00019
0.000181
0.000181
0.000184
0.000181
0.000186
0.000184
0.000187
0.000187
0.000184
0.000178
0.000216
0.000222
0.000216
0.000215
0.000219
0.000218
0.000216
0.000235
0.000216
0.000224
0.000224
0.000221
0.000217
0.000177
0.000178
0.000187
0.001023
0.000179
0.018137
0.000518
0.000222
0.000217
0.000216
0.000216
0.000216
0.000249
0.000226
0.000226
0.000217
0.000219
0.000219
0.000217
0.000218
0.000219
0.000234
0.00022
0.000219
0.000218
0.000216
0.000222
0.000216
0.000212
0.000179
0.000198
0.000178
0.000178
0.000179
0.000183
0.000179
0.000178
0.000183
0.00018
0.00018
0.000182
0.000181
0.000183
0.000179
0.000183
0.000186
0.000183
0.00018
0.000182
0.000178
0.000155
0.000153
0.000154
0.000156
0.000153
0.000152
0.000155
0.000153
0.000153
0.000155
0.000154
0.000153
0.000153
0.000155
0.000155
0.000154
0.000155
0.000155
0.000157
0.000162
0.000154
0.000154
0.000157
0.000157
0.000155
0.000153
0.000153
0.000154
0.000158
0.000154
0.000154
0.000153
0.000154
0.000154
0.000159
0.000153
0.000155
0.00016
0.000137
0.000142
0.00014
0.000134
0.000133
0.000132
0.000133
0.000139
0.000132
0.000139
0.000132
0.000132
0.000137
0.000134
0.000138
0.000133
0.000135
0.000134
0.000137
0.000134
0.000134
0.000134
0.000134
0.000132
0.000132
0.000133
0.000132
0.000132
0.000131
0.000117
0.000118
0.000116
0.00012
0.000116
0.000116
0.000116
0.000116
0.000117
0.000116
0.000116
0.000117
0.000116
0.000116
0.000116
0.000118
0.000108
0.000107
0.000106
0.000105
0.000104
0.000104
0.000104
0.000105
0.000106
0.000111
0.000111
0.000106
0.000104
0.000104
0.000107
0.00011
0.000105
0.000104
0.000104
0.000104
0.000104
0.000104
0.000104
0.000105
0.000105
0.000108
0.000107
0.000106
0.000106
0.000106
0.000104
0.000104
0.000104
0.000105
0.000107
0.000109
0.000105
9.5e-05
9.8e-05
9.5e-05
9.5e-05
9.5e-05
9.6e-05
9.5e-05
9.4e-05
0.000104
9.5e-05
9.5e-05
9.5e-05
9.5e-05
9.6e-05
9.5e-05
9.5e-05
9.5e-05
9.5e-05
9.5e-05
9.6e-05
9.5e-05
9.5e-05
9.5e-05
9.5e-05
9.6e-05
9.5e-05
9.6e-05
9.5e-05
9.6e-05
9.5e-05
9.5e-05
9.6e-05
9.5e-05
9.5e-05
9.4e-05
9.5e-05
9.6e-05
9.5e-05
9.5e-05
9.5e-05
9.5e-05
9e-05
8.7e-05
8.7e-05
8.7e-05
9.7e-05
8.8e-05
9.2e-05
8.8e-05
8.7e-05
8.8e-05
8.8e-05
8.8e-05
8.8e-05
8.9e-05
8.8e-05
8.7e-05
8.8e-05
8.8e-05
8.8e-05
8.8e-05
8.8e-05
8.7e-05
8.3e-05
8.2e-05
8.2e-05
8.2e-05
8.2e-05
9.2e-05
8.5e-05
8.1e-05
8.2e-05
8.2e-05
8.3e-05
8.3e-05
8.3e-05
8.2e-05
8.2e-05
8.2e-05
8.2e-05
8.3e-05
8.2e-05
8.2e-05
8.3e-05
8.2e-05
8.5e-05
8.3e-05
8.2e-05
8.3e-05
8.3e-05
8.5e-05
8.2e-05
8.2e-05
8.2e-05
8.2e-05
8.1e-05
8.2e-05
8.2e-05
8.2e-05
8.2e-05
8.2e-05
8.2e-05
8.1e-05
8.1e-05
8.2e-05
8.2e-05
8.2e-05
8.2e-05
8.2e-05
8.2e-05
7.6e-05
7.6e-05
7.6e-05
7.6e-05
7.6e-05
7.6e-05
7.6e-05
7.5e-05
7.6e-05
7.6e-05
7.6e-05
7.6e-05
7.6e-05
7.6e-05
7.6e-05
7.6e-05
7.6e-05
7.7e-05
7.6e-05
7.6e-05
7.6e-05
7.6e-05
7.6e-05
7.6e-05
7.6e-05
7.7e-05
7.1e-05
7.1e-05
7.1e-05
7.1e-05
7.1e-05
7.1e-05
7.1e-05
7.1e-05
7.1e-05
7.1e-05
7.1e-05
7.4e-05
7.1e-05
7.1e-05
7.1e-05
7e-05
7.1e-05
7.1e-05
7.1e-05
7e-05
7.2e-05
7.1e-05
7.5e-05
7.1e-05
7.1e-05
7.1e-05
7.1e-05
7.1e-05
7.1e-05
7.4e-05
7.1e-05
7.1e-05
7.1e-05
7.1e-05
7.1e-05
7.1e-05
7.1e-05
7.1e-05
7.1e-05
7.1e-05
7.4e-05
7.1e-05
7.1e-05
7.2e-05
7.2e-05
7.3e-05
7.1e-05
7.3e-05
7.1e-05
7.1e-05
7e-05
7.1e-05
7.1e-05
7.1e-05
7.1e-05
7.1e-05
7.1e-05
7.1e-05
7.2e-05
7.1e-05
7.1e-05
7.1e-05
7.1e-05
7.1e-05
7.1e-05
7.5e-05
7.1e-05
7.2e-05
7.1e-05
7.1e-05
7.1e-05
7.1e-05
7e-05
7.1e-05
7.1e-05
7.1e-05
7e-05
7.1e-05
7.1e-05
7.1e-05
7.1e-05
7.1e-05
7.1e-05
7.3e-05
7.1e-05
7.2e-05
7.1e-05
7.1e-05
7.1e-05
7.1e-05
7.1e-05
7.1e-05
7.1e-05
7.1e-05
7.1e-05
7.1e-05
7.1e-05
7.1e-05
7.1e-05
7.1e-05
7.1e-05
7.3e-05
7.1e-05
7.1e-05
7.1e-05
7.1e-05
7.1e-05
7.1e-05
7.1e-05
7.4e-05
7e-05
7.1e-05
7.2e-05
7.1e-05
7.1e-05
7.1e-05
7.1e-05
7.1e-05
7.1e-05
7.2e-05
7.1e-05
7.2e-05
7.1e-05
7.1e-05
7.1e-05
7.1e-05
7.1e-05
7.1e-05
7.1e-05
7.1e-05
7.1e-05
7.1e-05
7.1e-05
7.1e-05
7.1e-05
7.1e-05
7.1e-05
7.1e-05
7.1e-05
7.1e-05
7.1e-05
7.1e-05
7.1e-05
7.1e-05
7e-05
7.1e-05
7.1e-05
7.1e-05
7.1e-05
7.1e-05
7e-05
7.1e-05
7.5e-05
7.1e-05
7.1e-05
7.2e-05
7.1e-05
7.1e-05
7.1e-05
7.5e-05
7.1e-05
7.1e-05
7.2e-05
7.3e-05
7.4e-05
7.5e-05
7.6e-05
7.4e-05
7.4e-05
7.3e-05
7.4e-05
7.4e-05
7.4e-05
8e-05
7.3e-05
7.4e-05
7.3e-05
7.1e-05
7.2e-05
7.1e-05
7.2e-05
7.1e-05
7.1e-05
7.1e-05
7.1e-05
7.1e-05
7.1e-05
7.1e-05
7.1e-05
7.1e-05
7.4e-05
7.1e-05
7.1e-05
7.1e-05
7.1e-05
7.2e-05
7.1e-05
7.1e-05
7.1e-05
7.1e-05
7.1e-05
7.2e-05
7.1e-05
7.1e-05
7.1e-05
7.1e-05
7.1e-05
7.1e-05
7.1e-05
7.1e-05
7.1e-05
7.1e-05
7.1e-05
0.00016
8.3e-05
0.000103
8.3e-05
7.9e-05
7.7e-05
0.000107
9.1e-05
7.7e-05
7.5e-05
7.4e-05
7.5e-05
7.4e-05
7.4e-05
7.4e-05
7.4e-05
7.4e-05
7.6e-05
7.4e-05
7.4e-05
7.4e-05
7.4e-05
7.5e-05
7.6e-05
8e-05
7.7e-05
7.7e-05
7.7e-05
7.7e-05
9.2e-05
7.6e-05
7.7e-05
7.7e-05
7.5e-05
7.4e-05
7.6e-05
7.1e-05
7.1e-05
7.5e-05
7.1e-05
7.1e-05
7.1e-05
7.1e-05
7.1e-05
7.1e-05
7.1e-05
7.1e-05
7.1e-05
7.1e-05
7.5e-05
7.1e-05
7e-05
7.4e-05
7.1e-05
7.1e-05
7.1e-05
7.6e-05
7.3e-05
7.4e-05
7.7e-05
8.1e-05
7.6e-05
7.6e-05
7.5e-05
0.000109
7.9e-05
7.4e-05
7.4e-05
7.1e-05
7.2e-05
7.1e-05
7.1e-05
7.6e-05
7.4e-05
7.3e-05
7.7e-05
7.4e-05
7.4e-05
7.1e-05
7.1e-05
7.1e-05
7.1e-05
7.1e-05
7.1e-05
7.1e-05
7.6e-05
7.1e-05
7.1e-05
7.1e-05
7.1e-05
7.4e-05
7.1e-05
7.1e-05
7.1e-05
7.1e-05
7.1e-05
7.1e-05
7.1e-05
7.1e-05
7.2e-05
7.1e-05
7.5e-05
7.1e-05
7.1e-05
7.1e-05
7e-05
7.1e-05
7e-05
7.1e-05
7e-05
7.1e-05
7.1e-05
7.1e-05
7.1e-05
7.1e-05
7.4e-05
7e-05
7.4e-05
7.1e-05
7.1e-05
7.1e-05
7.1e-05
7.1e-05
7.1e-05
7.1e-05
7.1e-05
7.1e-05
7.1e-05
7.3e-05
7.1e-05
7.1e-05
7.1e-05
7.1e-05
7.1e-05
7.1e-05
7.1e-05
7.1e-05
7.1e-05
7.1e-05
7.1e-05
7.1e-05
7.1e-05
7.1e-05
7.1e-05
7.2e-05
7.1e-05
7.1e-05
7e-05
7.1e-05
7.1e-05
7.1e-05
7e-05
7.1e-05
7.1e-05
7.1e-05
7.1e-05
7.1e-05
7.1e-05
7.1e-05
7e-05
7.1e-05
7.6e-05
7.1e-05
7.1e-05
7.1e-05
7.1e-05
7.1e-05
7.1e-05
7.1e-05
7.1e-05
7e-05
7.4e-05
7.1e-05
7.1e-05
7.3e-05
7.1e-05
7e-05
7.2e-05
7.4e-05
7.1e-05
7.1e-05
7.1e-05
7.1e-05
7.1e-05
7.1e-05
7.1e-05
7e-05
7.1e-05
7.5e-05
7.1e-05
7.1e-05
7.1e-05
7.1e-05
7.1e-05
7.1e-05
7.1e-05
7.4e-05
7.1e-05
7.1e-05
7.1e-05
7e-05
7.1e-05
7.1e-05
7.1e-05
7.7e-05
7e-05
7.1e-05
7.1e-05
7.1e-05
7.1e-05
7.5e-05
7.1e-05
7.1e-05
7.1e-05
7.1e-05
7.1e-05
7.1e-05
7.1e-05
7.1e-05
7.1e-05
7.1e-05
7.1e-05
7.1e-05
7.1e-05
7.1e-05
7.1e-05
7.1e-05
7.1e-05
7.1e-05
7e-05
7.1e-05
7.4e-05
7e-05
7.2e-05
7.1e-05
7.1e-05
7e-05
7.1e-05
7.1e-05
7.1e-05
7.1e-05
7.1e-05
7e-05
7.1e-05
7.1e-05
7e-05
7.5e-05
7.3e-05
7.1e-05
7.1e-05
7e-05
7.1e-05
7.1e-05
7.1e-05
7.1e-05
7.1e-05
7e-05
7.1e-05
7.1e-05
7e-05
7e-05
7.1e-05
7e-05
7.1e-05
7.5e-05
7.1e-05
7e-05
7.1e-05
7.1e-05
7.1e-05
7.1e-05
7.1e-05
7.1e-05
7e-05
7.2e-05
7.3e-05
7.1e-05
7.1e-05
7.3e-05
7.5e-05
7.1e-05
7.1e-05
7.5e-05
7.1e-05
7.1e-05
7.1e-05
7.1e-05
7.1e-05
7.1e-05
7.1e-05
7.1e-05
7.2e-05
7.1e-05
7.1e-05
7e-05
7.1e-05
7.1e-05
7.1e-05
7.1e-05
7.1e-05
7.1e-05
7.1e-05
7.1e-05
7.1e-05
7.1e-05
7.1e-05
7.1e-05
7.1e-05
7.1e-05
7.1e-05
7.1e-05
7e-05
7.1e-05
7.1e-05
7.1e-05
7e-05
7.1e-05
7.1e-05
7.7e-05
7.2e-05
7.1e-05
7.1e-05
7.1e-05
7.1e-05
7.1e-05
7.1e-05
7.1e-05
7.1e-05
7.1e-05
7.1e-05
7.1e-05
7.1e-05
7.1e-05
7.1e-05
7.4e-05
7e-05
7.1e-05
7.1e-05
7.1e-05
7.1e-05
7.1e-05
7.1e-05
7.1e-05
7.1e-05
7e-05
7.1e-05
7.1e-05
7.1e-05
7.4e-05
7.4e-05
7.1e-05
7.1e-05
7.1e-05
7.1e-05
7.1e-05
7.1e-05
7e-05
7.1e-05
7.1e-05
7.1e-05
7.1e-05
7.2e-05
7.1e-05
7.1e-05
7.1e-05
7.1e-05
7e-05
7.1e-05
7.1e-05
7.1e-05
7.1e-05
7.1e-05
7.1e-05
7.1e-05
7.1e-05
7.1e-05
7.6e-05
7.2e-05
7.1e-05
7.1e-05
7.1e-05
7.1e-05
7.1e-05
7.1e-05
7e-05
7.1e-05
7.1e-05
7.1e-05
7.2e-05
7.2e-05
7.2e-05
7.1e-05
7.1e-05
7e-05
7.1e-05
7.1e-05
7e-05
7e-05
7.1e-05
7.1e-05
7e-05
7e-05
7.1e-05
7.1e-05
7.3e-05
7.7e-05
7.1e-05
7.1e-05
7.1e-05
7.1e-05
7e-05
7.1e-05
7.1e-05
7.1e-05
7.1e-05
7.1e-05
7.1e-05
7.1e-05
7.5e-05
7.1e-05
7.1e-05
7.2e-05
7.1e-05
7.1e-05
7.1e-05
7.4e-05
7.1e-05
7.1e-05
7.1e-05
7.1e-05
7.1e-05
7.1e-05
7.1e-05
7.1e-05
7.1e-05
7.1e-05
7.1e-05
7e-05
7.1e-05
7e-05
7e-05
7e-05
7.1e-05
7.5e-05
7.1e-05
7.3e-05
7e-05
7.1e-05
7.5e-05
7.1e-05
7.3e-05
7.1e-05
7.1e-05
7.1e-05
7.1e-05
7.1e-05
7.1e-05
7.1e-05
7.1e-05
7.1e-05
7.1e-05
7.2e-05
7.1e-05
7.1e-05
7.5e-05
7.1e-05
7.1e-05
7.1e-05
7.1e-05
7.1e-05
7.1e-05
7.1e-05
7.1e-05
7.1e-05
7.1e-05
7.3e-05
7.1e-05
7.1e-05
7.1e-05
7.1e-05
7.1e-05
7.1e-05
7.1e-05
7.1e-05
7.1e-05
7.3e-05
7.3e-05
7.5e-05
7.1e-05
7.1e-05
7.1e-05
7.3e-05
7.1e-05
7e-05
7.1e-05
7.1e-05
7.1e-05
7.1e-05
7.1e-05
7.1e-05
7.1e-05
7.5e-05
7.1e-05
7.1e-05
7.1e-05
7.1e-05
7.1e-05
7.2e-05
7.1e-05
7e-05
7.3e-05
7.4e-05
7.1e-05
7.1e-05
7.1e-05
7.1e-05
7.4e-05
8.3e-05
7.3e-05
7.3e-05
7.1e-05
7.1e-05
7.1e-05
7.1e-05
7.1e-05
7.1e-05
7.1e-05
7.4e-05
7.1e-05
7.1e-05
7.1e-05
7e-05
7.2e-05
7.4e-05
7.1e-05
7.2e-05
7.1e-05
7.1e-05
7.1e-05
7.1e-05
7.1e-05
7.1e-05
7.1e-05
7.4e-05
7.1e-05
7.1e-05
7.1e-05
7.1e-05
7e-05
7e-05
7.3e-05
7.1e-05
7e-05
7.1e-05
7.1e-05
7.1e-05
7.1e-05
7.1e-05
7.1e-05
7.1e-05
7.1e-05
7.1e-05
7.1e-05
7.1e-05
7.1e-05
7.1e-05
7.4e-05
7e-05
7.1e-05
7.1e-05
7.1e-05
7.1e-05
7.1e-05
7.1e-05
7e-05
7e-05
7.1e-05
7.1e-05
7.4e-05
7.1e-05
7.1e-05
7.1e-05
7.1e-05
7e-05
7.1e-05
7.1e-05
7.1e-05
7.1e-05
7.1e-05
7.1e-05
7.8e-05
7.1e-05
7.1e-05
7.1e-05
7.4e-05
7.1e-05
7.1e-05
7.1e-05
7e-05
7.1e-05
7.1e-05
7.1e-05
7.1e-05
7.1e-05
7.1e-05
7e-05
7.1e-05
7.1e-05
7.1e-05
7.1e-05
7e-05
7.1e-05
7.1e-05
7.1e-05
7.1e-05
7.1e-05
7e-05
7.1e-05
7.1e-05
7.1e-05
7e-05
7.2e-05
7.1e-05
7.1e-05
7e-05
7.1e-05
7.1e-05
7.1e-05
7e-05
7.1e-05
7.1e-05
7.1e-05
7e-05
7.1e-05
7.1e-05
7.1e-05
7.3e-05
7.1e-05
7e-05
7.4e-05
7.1e-05
7.1e-05
7.3e-05
7.1e-05
7e-05
7e-05
7e-05
7.1e-05
7.1e-05
7.1e-05
7.1e-05
7.1e-05
7.1e-05
7.1e-05
7.1e-05
7.1e-05
7.1e-05
7.6e-05
7.1e-05
7.1e-05
7.1e-05
7.1e-05
7.1e-05
7.1e-05
7.1e-05
7.5e-05
7e-05
7e-05
7.1e-05
7.1e-05
7.1e-05
7.1e-05
7.1e-05
7.1e-05
7e-05
7.1e-05
7.1e-05
7.1e-05
7.3e-05
7.1e-05
7.1e-05
7.3e-05
7e-05
7.1e-05
7.1e-05
7.1e-05
7.1e-05
7.1e-05
7.1e-05
7.1e-05
7.1e-05
7.1e-05
7.1e-05
7e-05
7.1e-05
7.5e-05
7.1e-05
7.1e-05
7e-05
7.3e-05
7.1e-05
7.7e-05
7.1e-05
7.1e-05
7.1e-05
7.1e-05
7e-05
7.9e-05
0.000433
7.3e-05
7.5e-05
7.3e-05
8e-05
8.9e-05
8.2e-05
8.2e-05
8.2e-05
8.2e-05
8.2e-05
8.2e-05
8.2e-05
8.2e-05
8.2e-05
8.2e-05
8.2e-05
8.2e-05
8.2e-05
8.5e-05
8.2e-05
8.2e-05
8.2e-05
8.2e-05
8.4e-05
8.2e-05
8.2e-05
8.1e-05
8.2e-05
8.2e-05
8.2e-05
8.2e-05
8.2e-05
8.4e-05
8.3e-05
8.2e-05
8.2e-05
8.2e-05
8.4e-05
8.2e-05
8.2e-05
8.2e-05
8.1e-05
8.2e-05
8.2e-05
8.2e-05
8.2e-05
8.2e-05
7.6e-05
7.6e-05
7.6e-05
7.6e-05
7.6e-05
7.6e-05
7.6e-05
7.6e-05
8e-05
7.6e-05
7.6e-05
7.6e-05
7.6e-05
7.6e-05
7.6e-05
7.6e-05
7.7e-05
7.6e-05
7.6e-05
8e-05
7.6e-05
7.6e-05
7.6e-05
7.6e-05
7.6e-05
7.4e-05
7.3e-05
7.4e-05
7.3e-05
7.3e-05
7.3e-05
7.3e-05
7.3e-05
7.3e-05
7.3e-05
7.3e-05
7.3e-05
7.4e-05
7.4e-05
7.5e-05
7.3e-05
7.5e-05
7.6e-05
7.3e-05
7.3e-05
7.3e-05
7.3e-05
7.3e-05
7.3e-05
7.3e-05
7.3e-05
7e-05
7.1e-05
7.1e-05
7.1e-05
7.1e-05
7.1e-05
7.3e-05
7.1e-05
7e-05
7.1e-05
7.1e-05
7e-05
7.1e-05
7.1e-05
7.1e-05
7e-05
7.1e-05
7e-05
7.1e-05
7e-05
7.1e-05
7e-05
7.1e-05
7.1e-05
7.1e-05
7.1e-05
7.1e-05
7.1e-05
7.1e-05
7.1e-05
7.1e-05
7.1e-05
7.1e-05
7.3e-05
7e-05
7.1e-05
7.4e-05
7.1e-05
7.2e-05
7e-05
7.1e-05
7.1e-05
7e-05
7.1e-05
7e-05
7.1e-05
7.5e-05
7.1e-05
7.1e-05
7.2e-05
7.1e-05
7.1e-05
7e-05
7.1e-05
7.1e-05
7.1e-05
7.1e-05
7e-05
7e-05
7.1e-05
7.1e-05
7.1e-05
7.1e-05
7.1e-05
7.4e-05
7.1e-05
7.1e-05
7.1e-05
7.1e-05
7.1e-05
7.1e-05
7.1e-05
7.1e-05
7.1e-05
7.1e-05
7.1e-05
7.1e-05
7.4e-05
7.1e-05
7.1e-05
7.1e-05
7.1e-05
7.1e-05
7.1e-05
7.1e-05
7.1e-05
7.3e-05
7.1e-05
7.4e-05
7.1e-05
7.1e-05
7.1e-05
7.1e-05
7.2e-05
7.1e-05
7.1e-05
7.1e-05
7.1e-05
7.1e-05
7.3e-05
7e-05
7.1e-05
7e-05
7.1e-05
7.1e-05
7e-05
7.1e-05
7.1e-05
7.1e-05
7.1e-05
7.1e-05
7.1e-05
7.1e-05
7e-05
7.1e-05
7.1e-05
7.1e-05
7.1e-05
7.1e-05
7.2e-05
7.4e-05
7.1e-05
7.1e-05
7.1e-05
7.1e-05
7.1e-05
7.1e-05
7.1e-05
7e-05
7.1e-05
7.1e-05
7.1e-05
7.1e-05
7.1e-05
7e-05
7.1e-05
7.3e-05
7.1e-05
7.1e-05
7.1e-05
7.1e-05
7.4e-05
7.1e-05
7e-05
7.1e-05
7.1e-05
7.1e-05
7e-05
7.1e-05
7.1e-05
7e-05
7.1e-05
7.1e-05
7.4e-05
7e-05
7.1e-05
7e-05
7.1e-05
7.3e-05
7.5e-05
7.1e-05
7.1e-05
7.1e-05
7.1e-05
7.3e-05
7e-05
7.1e-05
7e-05
7e-05
7.1e-05
7.1e-05
7.5e-05
7.1e-05
7.1e-05
7e-05
7.6e-05
7.4e-05
7.1e-05
7.1e-05
7.1e-05
7.2e-05
7e-05
7.1e-05
7.1e-05
7.1e-05
7.1e-05
7.1e-05
7.1e-05
7.1e-05
7.1e-05
7.3e-05
7e-05
7.1e-05
7.1e-05
7.1e-05
7.1e-05
7.1e-05
7e-05
7.2e-05
7.1e-05
7.1e-05
7e-05
7.1e-05
7.1e-05
7.1e-05
7.1e-05
7.3e-05
7.5e-05
7.2e-05
7.1e-05
7.1e-05
7e-05
7e-05
7.1e-05
7.1e-05
7.1e-05
7.1e-05
7e-05
7.1e-05
7.1e-05
7.1e-05
7.1e-05
7.1e-05
7.3e-05
7e-05
7.1e-05
7.1e-05
7.1e-05
7e-05
7.1e-05
7.1e-05
7.4e-05
7e-05
7e-05
7.1e-05
7.1e-05
7e-05
7.1e-05
7.1e-05
7e-05
7.1e-05
7.1e-05
7.1e-05
7.1e-05
7.1e-05
7.4e-05
7.1e-05
7.1e-05
7.1e-05
7.1e-05
7.1e-05
7.3e-05
7.2e-05
7.1e-05
7.1e-05
7e-05
7.1e-05
7.1e-05
7.1e-05
7.1e-05
7.5e-05
7.1e-05
7e-05
7e-05
7.1e-05
7.1e-05
7.1e-05
7.2e-05
7.2e-05
7.1e-05
7.1e-05
7.1e-05
7.1e-05
7.1e-05
7.1e-05
7.1e-05
7.1e-05
7.1e-05
7.4e-05
7.1e-05
7.1e-05
7.1e-05
7.1e-05
7e-05
7e-05
7.1e-05
7.1e-05
7.1e-05
7.1e-05
7.1e-05
7.3e-05
7.1e-05
7e-05
7.1e-05
7.4e-05
7.1e-05
7.1e-05
7.1e-05
7e-05
7.1e-05
7.1e-05
7.1e-05
7.1e-05
7.1e-05
7.1e-05
7.4e-05
7.1e-05
7.1e-05
7.1e-05
7.1e-05
7.3e-05
7.1e-05
7e-05
7e-05
7.5e-05
7.1e-05
7.1e-05
7.1e-05
7.1e-05
7.1e-05
7.1e-05
7.1e-05
7.1e-05
7e-05
7e-05
7.1e-05
7.1e-05
7.1e-05
7.1e-05
7.1e-05
7.1e-05
7e-05
7.1e-05
7e-05
7.1e-05
7.1e-05
7e-05
7.1e-05
7.2e-05
7.1e-05
7.1e-05
7.4e-05
7.1e-05
7.1e-05
7.1e-05
7.1e-05
7e-05
7e-05
7.1e-05
7.1e-05
7.1e-05
7.2e-05
7.1e-05
7.1e-05
7.4e-05
7.2e-05
7.1e-05
7.1e-05
7.1e-05
7.1e-05
7.2e-05
7.1e-05
7.1e-05
7.1e-05
7.2e-05
7.1e-05
7.4e-05
7.2e-05
7.3e-05
7.1e-05
7e-05
7.1e-05
7.1e-05
7e-05
7.1e-05
7e-05
7.1e-05
7e-05
7e-05
7.1e-05
7.1e-05
7.5e-05
7.1e-05
7.5e-05
7.1e-05
7.2e-05
7e-05
7.1e-05
7.1e-05
7.4e-05
7.1e-05
7.1e-05
7.1e-05
7.1e-05
7.1e-05
7.1e-05
7.1e-05
7.2e-05
7.1e-05
7e-05
7.3e-05
7e-05
7e-05
7.1e-05
7e-05
7.1e-05
7.1e-05
7.1e-05
7.1e-05
7.1e-05
7.1e-05
7.1e-05
7e-05
7e-05
7.1e-05
7.1e-05
7.1e-05
7.1e-05
7.1e-05
7.1e-05
7.1e-05
7.2e-05
7.1e-05
7.1e-05
7.2e-05
7e-05
7.1e-05
7.1e-05
7.1e-05
7e-05
7.1e-05
7.1e-05
7.1e-05
7.1e-05
7.1e-05
7.1e-05
7.1e-05
7.1e-05
7.1e-05
7e-05
7.3e-05
7.1e-05
7.1e-05
7.1e-05
7e-05
7.1e-05
7.1e-05
7.1e-05
7.1e-05
7.1e-05
7e-05
7.1e-05
7e-05
7.1e-05
7.1e-05
7.1e-05
7.1e-05
7e-05
7e-05
7.1e-05
7.1e-05
7.1e-05
7.1e-05
7.1e-05
7.1e-05
7.1e-05
7.1e-05
7.1e-05
7.5e-05
7.1e-05
7.1e-05
7.1e-05
7e-05
7e-05
7.4e-05
7.1e-05
7e-05
7.1e-05
7.1e-05
7.1e-05
7.1e-05
7e-05
7e-05
7e-05
7.3e-05
7.1e-05
7.1e-05
7.1e-05
7e-05
7.1e-05
7e-05
7.1e-05
7.5e-05
7.1e-05
7.1e-05
7.1e-05
7.4e-05
7.1e-05
7.1e-05
7.1e-05
7e-05
7.1e-05
7.1e-05
7e-05
7.1e-05
7.1e-05
7.1e-05
7.1e-05
7.1e-05
7.1e-05
7.1e-05
7.2e-05
7.1e-05
7.1e-05
7.1e-05
7.1e-05
7e-05
7.1e-05
7.1e-05
7.1e-05
7.1e-05
7.1e-05
7.1e-05
7.1e-05
7e-05
7.1e-05
7.1e-05
7.1e-05
7e-05
