0.001745
0.000579
0.000644
0.000691
0.000591
0.000546
0.000519
0.000487
0.000462
0.000442
0.000454
0.000526
0.000632
0.000563
0.002223
0.000525
0.000409
0.000403
0.000371
0.00036
0.000367
0.000356
0.000383
0.000371
0.000368
0.000374
0.000385
0.000354
0.000403
0.000435
0.000428
0.000441
0.000433
0.00043
0.000427
0.000447
0.00043
0.000437
0.000442
0.000436
0.000443
0.000396
0.000354
0.00037
0.001209
0.000371
0.018331
0.000749
0.000448
0.00045
0.000431
0.000431
0.000431
0.000464
0.00046
0.000451
0.000442
0.000437
0.000456
0.000436
0.00043
0.000431
0.00046
0.000432
0.000434
0.000434
0.00043
0.000464
0.000432
0.000424
0.000354
0.00038
0.000361
0.000353
0.000354
0.000358
0.000369
0.000355
0.00036
0.000357
0.000356
0.000361
0.000359
0.000362
0.000357
0.000362
0.000366
0.000362
0.000356
0.00036
0.000356
0.00034
0.000307
0.000304
0.000306
0.000302
0.000302
0.000304
0.000304
0.000309
0.000308
0.00031
0.000305
0.000307
0.000308
0.000313
0.000308
0.000306
0.00031
0.000314
0.000315
0.000308
0.000315
0.000316
0.000312
0.000314
0.000308
0.000307
0.000309
0.000313
0.000309
0.000306
0.000304
0.000303
0.00031
0.000309
0.000307
0.000309
0.000319
0.000284
0.000279
0.000277
0.000265
0.000268
0.000264
0.000268
0.000272
0.000265
0.000277
0.000263
0.000265
0.000269
0.000267
0.000274
0.000266
0.000267
0.00027
0.000268
0.000282
0.000271
0.000265
0.000263
0.000267
0.000265
0.000264
0.000263
0.000266
0.000266
0.000232
0.000233
0.000232
0.00024
0.00023
0.00023
0.000229
0.000229
0.000231
0.000235
0.00023
0.000231
0.00023
0.000229
0.00023
0.000232
0.000226
0.000222
0.000215
0.000211
0.000207
0.000208
0.000206
0.000207
0.000209
0.000223
0.000221
0.00021
0.000206
0.000208
0.000211
0.000222
0.000211
0.000206
0.000206
0.000206
0.000206
0.000208
0.000205
0.000209
0.00021
0.000221
0.000214
0.00021
0.000217
0.000219
0.000212
0.000206
0.000206
0.000207
0.00021
0.000225
0.00021
0.000189
0.000191
0.000189
0.000188
0.000191
0.00019
0.000188
0.00019
0.000198
0.00019
0.000188
0.000188
0.000188
0.000189
0.000188
0.000188
0.000188
0.000189
0.000187
0.000189
0.000189
0.000188
0.00019
0.000188
0.000191
0.000188
0.00019
0.00019
0.000189
0.000189
0.000189
0.000189
0.000188
0.000188
0.000187
0.000188
0.000189
0.000188
0.000188
0.000188
0.00019
0.000176
0.000173
0.000173
0.000173
0.000184
0.000175
0.000177
0.000174
0.000173
0.000174
0.000175
0.000175
0.000176
0.000176
0.000176
0.000173
0.000174
0.000177
0.000174
0.000175
0.000174
0.000174
0.000179
0.000162
0.000162
0.000162
0.000162
0.000172
0.000171
0.000166
0.000162
0.000163
0.000163
0.000163
0.000164
0.000163
0.000162
0.000163
0.000163
0.000169
0.000168
0.000163
0.000164
0.000163
0.000166
0.000164
0.000163
0.000164
0.000168
0.000173
0.000165
0.000162
0.000162
0.000162
0.000162
0.000162
0.000162
0.000165
0.000162
0.000162
0.000162
0.000161
0.000161
0.000162
0.000162
0.000162
0.000162
0.000162
0.000162
0.000152
0.00015
0.00015
0.000151
0.000151
0.00015
0.00015
0.00015
0.000151
0.00015
0.00015
0.00015
0.00015
0.00015
0.00015
0.00015
0.00015
0.000151
0.00015
0.00015
0.00015
0.00015
0.000151
0.00015
0.00015
0.000152
0.00014
0.00014
0.000141
0.00014
0.00014
0.00014
0.00014
0.00014
0.00014
0.000141
0.00014
0.000144
0.00014
0.000141
0.00014
0.00014
0.000148
0.00014
0.000141
0.00014
0.000141
0.000141
0.000145
0.00014
0.00014
0.00014
0.00014
0.00014
0.00014
0.000144
0.000141
0.00014
0.00014
0.00014
0.00014
0.00014
0.00014
0.00014
0.00014
0.00014
0.000143
0.000141
0.000141
0.000142
0.000142
0.000143
0.000142
0.000143
0.000141
0.00014
0.00014
0.00014
0.00014
0.000141
0.000141
0.000141
0.000141
0.000141
0.000142
0.000141
0.000141
0.00014
0.000142
0.00014
0.00014
0.000145
0.000146
0.000142
0.000141
0.00014
0.000141
0.000141
0.00014
0.000141
0.00014
0.00014
0.00014
0.000141
0.00014
0.000142
0.00014
0.000141
0.000141
0.000143
0.000143
0.000142
0.000141
0.000141
0.000145
0.000141
0.000143
0.00014
0.000141
0.000141
0.000141
0.000142
0.00014
0.000141
0.00014
0.000141
0.00014
0.000143
0.000141
0.00014
0.000142
0.000141
0.000141
0.00014
0.000141
0.000147
0.00014
0.00014
0.000141
0.000141
0.000142
0.000144
0.00014
0.000141
0.000141
0.000144
0.000141
0.000142
0.00014
0.000141
0.00014
0.00014
0.00014
0.00014
0.00014
0.000141
0.00014
0.000141
0.00014
0.00014
0.00014
0.00014
0.00014
0.000142
0.00014
0.000141
0.00014
0.00014
0.00014
0.00014
0.00014
0.00014
0.000141
0.00014
0.000141
0.000141
0.00014
0.00014
0.000144
0.000142
0.00014
0.000143
0.000141
0.000141
0.000141
0.000145
0.000142
0.000141
0.000141
0.000146
0.000146
0.000149
0.000151
0.000147
0.000147
0.000146
0.000147
0.000147
0.000146
0.00087
0.000147
0.000146
0.000146
0.000142
0.000143
0.000142
0.000141
0.000141
0.000141
0.000141
0.000141
0.000141
0.00014
0.00014
0.000141
0.00014
0.000146
0.000143
0.00014
0.00014
0.000141
0.000141
0.00014
0.000141
0.00014
0.00014
0.000142
0.000142
0.000141
0.000142
0.000141
0.00014
0.00014
0.00014
0.000141
0.000142
0.00014
0.000141
0.000141
0.000232
0.000174
0.000212
0.000167
0.000159
0.000156
0.000185
0.000179
0.000154
0.00015
0.000148
0.000148
0.000147
0.000147
0.000147
0.000146
0.000146
0.000148
0.000156
0.000146
0.000146
0.000146
0.000147
0.000151
0.000155
0.000152
0.000156
0.000152
0.000152
0.000166
0.000153
0.000152
0.000152
0.000148
0.000145
0.000151
0.000143
0.00014
0.000148
0.00014
0.00014
0.00014
0.00014
0.00014
0.00014
0.00014
0.00014
0.00014
0.00014
0.000145
0.00014
0.00014
0.000143
0.00014
0.00014
0.00014
0.000147
0.000145
0.000145
0.000149
0.000156
0.000151
0.000149
0.000149
0.000184
0.000169
0.000146
0.000145
0.000142
0.000142
0.000141
0.000141
0.000149
0.000146
0.000146
0.000149
0.000149
0.000144
0.00014
0.00014
0.00014
0.00014
0.00014
0.000141
0.00014
0.000145
0.000143
0.000141
0.00014
0.000141
0.000158
0.000141
0.00014
0.00014
0.00014
0.00014
0.00014
0.00014
0.000157
0.000174
0.000155
0.000145
0.000141
0.000142
0.00014
0.00014
0.00014
0.00014
0.00014
0.000139
0.00014
0.00014
0.00014
0.00014
0.00014
0.000143
0.00014
0.000144
0.00014
0.00014
0.00014
0.000145
0.000141
0.000141
0.00014
0.00014
0.00014
0.00014
0.000143
0.000141
0.00014
0.00014
0.00014
0.000141
0.00014
0.00014
0.000141
0.00014
0.000141
0.000145
0.00014
0.000145
0.00014
0.000141
0.000141
0.000145
0.00014
0.00014
0.00014
0.00014
0.00014
0.00014
0.00014
0.00014
0.00014
0.00014
0.00014
0.000145
0.00014
0.00014
0.00014
0.000146
0.00014
0.00014
0.00014
0.00014
0.00014
0.00014
0.00014
0.000141
0.00014
0.000144
0.00014
0.000141
0.000147
0.000142
0.000139
0.000141
0.000144
0.00014
0.00014
0.00014
0.000141
0.00014
0.00014
0.00014
0.00014
0.00014
0.000146
0.00014
0.00014
0.00014
0.00014
0.000145
0.00014
0.00014
0.000143
0.00014
0.00014
0.000146
0.00014
0.000141
0.00014
0.00014
0.000147
0.000144
0.00014
0.000141
0.00014
0.00014
0.000145
0.000141
0.000141
0.00014
0.00014
0.00014
0.00014
0.00014
0.00014
0.00014
0.00014
0.00014
0.00014
0.00014
0.00014
0.00014
0.00014
0.000141
0.000144
0.00014
0.00014
0.000143
0.000142
0.000149
0.00014
0.00014
0.00014
0.00014
0.00014
0.00014
0.00014
0.000141
0.00014
0.00014
0.000141
0.000139
0.000144
0.000142
0.000141
0.00014
0.00014
0.00014
0.00014
0.00014
0.000141
0.00014
0.00014
0.00014
0.000141
0.00014
0.00014
0.00014
0.00014
0.00014
0.000144
0.00014
0.00014
0.00014
0.000141
0.000141
0.000141
0.00014
0.000141
0.00014
0.000141
0.000145
0.00014
0.00014
0.000143
0.000145
0.00014
0.00014
0.000144
0.00014
0.00014
0.00014
0.00014
0.00014
0.00014
0.00014
0.00014
0.000144
0.00014
0.000141
0.000141
0.00014
0.000141
0.00014
0.00014
0.00014
0.000144
0.00014
0.00014
0.00014
0.000141
0.00014
0.00014
0.00014
0.00014
0.00014
0.00014
0.00014
0.00014
0.00014
0.00014
0.00014
0.00014
0.00014
0.000151
0.000145
0.000143
0.00014
0.00014
0.000141
0.00014
0.00014
0.00014
0.000141
0.00014
0.00014
0.00014
0.00014
0.00014
0.00014
0.000144
0.00014
0.000143
0.00014
0.00014
0.000141
0.00014
0.00014
0.00014
0.00014
0.00014
0.000141
0.000141
0.00014
0.000144
0.000145
0.00014
0.00014
0.00014
0.00014
0.000145
0.00014
0.00014
0.00014
0.00014
0.00014
0.00014
0.000142
0.000144
0.00014
0.00014
0.00014
0.00014
0.00014
0.00014
0.00014
0.000141
0.00014
0.000145
0.00014
0.000141
0.00014
0.000145
0.000142
0.000143
0.00014
0.00014
0.00014
0.00014
0.000141
0.00014
0.00014
0.000142
0.00014
0.000142
0.000142
0.000144
0.000142
0.000141
0.00014
0.00014
0.00014
0.00014
0.00014
0.00014
0.00014
0.00014
0.00014
0.00014
0.00014
0.000143
0.000149
0.00014
0.00014
0.00014
0.00014
0.00014
0.00014
0.00014
0.00014
0.00014
0.00014
0.00014
0.00014
0.000145
0.00014
0.00014
0.000144
0.00014
0.00014
0.00014
0.000144
0.00014
0.00014
0.000141
0.00014
0.00014
0.00014
0.000141
0.00014
0.00014
0.00014
0.00014
0.000139
0.00014
0.00014
0.00014
0.000139
0.000141
0.000144
0.00014
0.000143
0.00014
0.000141
0.000149
0.000142
0.000142
0.00014
0.000141
0.00014
0.000141
0.00014
0.00014
0.00014
0.00014
0.000141
0.00014
0.000142
0.000141
0.00014
0.000157
0.00014
0.00014
0.00014
0.00014
0.00014
0.00014
0.00014
0.00014
0.00014
0.00014
0.000142
0.00014
0.00014
0.00014
0.000144
0.00014
0.00014
0.000141
0.00014
0.00014
0.000142
0.000145
0.000146
0.000141
0.000141
0.00014
0.000142
0.000144
0.00014
0.00014
0.00014
0.00014
0.000144
0.00014
0.00014
0.000141
0.000145
0.00014
0.00014
0.00014
0.00014
0.00014
0.000141
0.000143
0.00014
0.000142
0.000146
0.00014
0.00014
0.00014
0.000141
0.000143
0.000152
0.000143
0.000151
0.00014
0.000141
0.00014
0.00014
0.00014
0.00014
0.00014
0.000144
0.00014
0.00014
0.00014
0.000139
0.000142
0.000143
0.000141
0.000145
0.00014
0.00014
0.00014
0.00014
0.000141
0.00014
0.000141
0.000143
0.00014
0.00014
0.00014
0.00014
0.00014
0.00014
0.000142
0.000144
0.00014
0.000141
0.000141
0.000141
0.000141
0.000141
0.00014
0.00014
0.00014
0.00014
0.000141
0.00014
0.000141
0.000141
0.000143
0.00014
0.000142
0.00014
0.00014
0.00014
0.00014
0.00014
0.00014
0.00014
0.00014
0.00014
0.000145
0.00014
0.00014
0.00014
0.00014
0.00014
0.000141
0.00014
0.000144
0.000141
0.00014
0.00014
0.000148
0.00014
0.000141
0.00014
0.000144
0.00014
0.00014
0.00014
0.00014
0.00014
0.00014
0.00014
0.00014
0.00014
0.000145
0.000139
0.00014
0.00014
0.00014
0.00014
0.00014
0.00014
0.00014
0.000141
0.00014
0.00014
0.00014
0.00014
0.00014
0.00014
0.00014
0.000142
0.000145
0.000141
0.00014
0.00014
0.000145
0.00014
0.00014
0.00014
0.00014
0.000141
0.00014
0.00014
0.000141
0.00014
0.000143
0.000141
0.000142
0.000143
0.00014
0.00014
0.000147
0.00014
0.00014
0.00014
0.00014
0.000141
0.00014
0.00014
0.00014
0.00014
0.00014
0.00014
0.00014
0.00014
0.00014
0.000145
0.00014
0.00014
0.00014
0.00014
0.00014
0.00014
0.000141
0.000146
0.00014
0.000139
0.00014
0.00014
0.00014
0.00014
0.00014
0.00014
0.00014
0.000144
0.000141
0.00014
0.000143
0.00014
0.00014
0.000143
0.00014
0.00014
0.00014
0.00014
0.00014
0.00014
0.00014
0.00014
0.00014
0.00014
0.00014
0.000144
0.00014
0.000144
0.00014
0.00014
0.00014
0.000143
0.000141
0.000155
0.000143
0.00014
0.00014
0.00014
0.00014
0.000148
0.000511
0.00015
0.000155
0.000152
0.022489
0.000193
0.000789
0.000163
0.000162
0.000162
0.000162
0.000162
0.000162
0.000167
0.000162
0.000162
0.000162
0.000162
0.000163
0.000165
0.000162
0.000162
0.000162
0.000163
0.000165
0.000162
0.000162
0.000161
0.000162
0.000162
0.000174
0.000162
0.000163
0.000167
0.000164
0.000163
0.000162
0.000162
0.000164
0.000162
0.000162
0.000162
0.000169
0.000163
0.000164
0.000163
0.000162
0.000161
0.00015
0.00015
0.000151
0.000151
0.00015
0.00015
0.00015
0.00015
0.000154
0.00015
0.00015
0.00015
0.00015
0.00015
0.000151
0.00015
0.000151
0.00015
0.00015
0.000154
0.00015
0.00015
0.00015
0.00015
0.00015
0.000149
0.000149
0.000145
0.000144
0.000145
0.000145
0.000145
0.000145
0.000145
0.000145
0.000145
0.000145
0.000153
0.000147
0.000147
0.000145
0.000146
0.000148
0.000144
0.000149
0.000145
0.000145
0.000145
0.000144
0.000144
0.000145
0.000142
0.00014
0.00014
0.00014
0.00014
0.00014
0.000143
0.00014
0.000139
0.00014
0.00014
0.000144
0.00014
0.00014
0.00014
0.00014
0.00014
0.00014
0.00014
0.00014
0.00014
0.00014
0.00014
0.00014
0.00014
0.00014
0.00014
0.00014
0.00014
0.00014
0.00014
0.00014
0.00014
0.000142
0.000143
0.00014
0.000144
0.00014
0.000141
0.00014
0.00014
0.00014
0.00014
0.00014
0.000139
0.00014
0.000144
0.00014
0.00014
0.000141
0.000142
0.00014
0.00014
0.00014
0.00014
0.00014
0.00014
0.000139
0.000139
0.00014
0.00014
0.000141
0.00014
0.00014
0.000144
0.00014
0.00014
0.00014
0.00014
0.00014
0.000145
0.000141
0.00014
0.00014
0.00014
0.00014
0.00014
0.000145
0.00014
0.00014
0.00014
0.00014
0.000144
0.000141
0.00014
0.00014
0.000142
0.00014
0.000143
0.00014
0.00014
0.00014
0.00014
0.000143
0.00014
0.000141
0.00014
0.00014
0.00014
0.000143
0.000145
0.00014
0.000139
0.00014
0.00014
0.00014
0.000145
0.00014
0.00014
0.00014
0.00014
0.00014
0.00014
0.00014
0.00014
0.00014
0.00014
0.000146
0.000142
0.000148
0.000144
0.000143
0.00014
0.00014
0.00014
0.00014
0.00014
0.00014
0.00014
0.00014
0.00014
0.00014
0.00014
0.00014
0.000139
0.000141
0.000142
0.000141
0.000141
0.000141
0.000141
0.000143
0.00014
0.000139
0.00014
0.00014
0.00014
0.00014
0.00014
0.00014
0.00014
0.00014
0.00014
0.000144
0.000139
0.00014
0.000139
0.00014
0.000145
0.000146
0.00014
0.00014
0.00014
0.00014
0.000146
0.000139
0.00014
0.00014
0.000139
0.000143
0.00014
0.000144
0.00014
0.00014
0.000139
0.000145
0.000143
0.00014
0.00014
0.00014
0.000143
0.000139
0.00014
0.00014
0.00014
0.00014
0.00014
0.00014
0.00014
0.000141
0.000143
0.00014
0.00014
0.000141
0.00014
0.00014
0.00014
0.000139
0.000143
0.00014
0.00014
0.00014
0.00014
0.000141
0.000141
0.00014
0.000142
0.000148
0.000142
0.00014
0.00014
0.00014
0.00014
0.00014
0.00014
0.00014
0.00014
0.00014
0.000143
0.00014
0.00014
0.00014
0.00014
0.000142
0.00014
0.000144
0.00014
0.00014
0.00014
0.00014
0.00014
0.000143
0.000139
0.000139
0.00014
0.00014
0.00014
0.00014
0.00014
0.00014
0.00014
0.00014
0.00014
0.00014
0.00014
0.000145
0.00014
0.00014
0.00014
0.000141
0.00014
0.000146
0.000142
0.000141
0.000144
0.00014
0.00014
0.00014
0.00014
0.000141
0.000146
0.00014
0.00014
0.00014
0.000141
0.00014
0.00014
0.000143
0.000141
0.00014
0.00014
0.00014
0.00014
0.00014
0.00014
0.00014
0.00014
0.00014
0.000143
0.00014
0.00014
0.00014
0.00014
0.00014
0.000139
0.00014
0.00014
0.00014
0.000141
0.00014
0.000143
0.00014
0.00014
0.00014
0.000144
0.000141
0.000144
0.00014
0.00014
0.000141
0.000141
0.00014
0.00014
0.00014
0.00014
0.000144
0.00014
0.00014
0.00014
0.00014
0.000143
0.000141
0.00014
0.00014
0.000146
0.00014
0.00014
0.00014
0.00014
0.00014
0.000141
0.000139
0.00014
0.00014
0.00014
0.00014
0.00014
0.00014
0.00014
0.00014
0.000141
0.000139
0.000144
0.00014
0.00014
0.00014
0.00014
0.000141
0.000145
0.00014
0.000141
0.000143
0.00014
0.00014
0.00014
0.00014
0.000139
0.00014
0.00014
0.00014
0.00014
0.000143
0.000141
0.00014
0.000147
0.000142
0.000143
0.00014
0.000144
0.000142
0.000146
0.00014
0.00014
0.00014
0.000145
0.000144
0.000143
0.000143
0.000149
0.000141
0.00014
0.000142
0.00014
0.00014
0.00014
0.00014
0.000141
0.00014
0.00014
0.00014
0.00014
0.000146
0.000143
0.000144
0.00014
0.000141
0.00014
0.00014
0.000141
0.000143
0.00014
0.00014
0.00014
0.000141
0.00014
0.00014
0.00014
0.000143
0.00014
0.00014
0.000142
0.000139
0.000139
0.000144
0.00014
0.00014
0.00014
0.00014
0.00014
0.00014
0.000141
0.00014
0.00014
0.00014
0.00014
0.00014
0.00014
0.00014
0.00014
0.00014
0.00014
0.000145
0.00014
0.00014
0.000142
0.000143
0.00014
0.00014
0.00014
0.00014
0.00014
0.00014
0.00014
0.00014
0.00014
0.00014
0.00014
0.00014
0.00014
0.000144
0.000142
0.000142
0.00014
0.00014
0.000139
0.00014
0.00014
0.00014
0.00014
0.00014
0.00014
0.00014
0.000139
0.000143
0.00014
0.00014
0.00014
0.000139
0.00014
0.00014
0.00014
0.00014
0.00014
0.00014
0.00014
0.00014
0.00014
0.00014
0.000145
0.00014
0.00014
0.00014
0.00014
0.00014
0.000144
0.00014
0.00014
0.00014
0.00014
0.00014
0.000141
0.00014
0.00014
0.00014
0.000143
0.00014
0.00014
0.00014
0.000139
0.00014
0.00014
0.00014
0.000144
0.00014
0.00014
0.00014
0.000143
0.00014
0.00014
0.00014
0.00014
0.00014
0.00014
0.00014
0.00014
0.00014
0.00014
0.00014
0.00014
0.00014
0.000142
0.000141
0.000144
0.00014
0.00014
0.00014
0.00014
0.00014
0.00014
0.00014
0.000141
0.000141
0.00014
0.000144
0.00014
0.00014
0.00014
0.000141
0.000144
