-5.1681525996458432814506522845476865768432617187500000000000000000e-01
-1.0545232640567854254243229661369696259498596191406250000000000000e+00
-1.4132377905679418539364178286632522940635681152343750000000000000e+00
-1.6641663086008822158845532612758688628673553466796875000000000000e+00
-1.8470194376790693979728530393913388252258300781250000000000000000e+00
-1.9844519743710402615022303507430478930473327636718750000000000000e+00
-2.0902395512655091991405242879409343004226684570312500000000000000e+00
-2.1732319174068162048740759928477928042411804199218750000000000000e+00
-2.2393680789033925115916190407006070017814636230468750000000000000e+00
-2.2927738897096587855628513352712616324424743652343750000000000000e+00
-2.3363961561431403346489332761848345398902893066406250000000000000e+00
-2.3723875652905301869566301320446655154228210449218750000000000000e+00
-2.4023501560096787166287413128884509205818176269531250000000000000e+00
-2.4274946350256909610720867931377142667770385742187500000000000000e+00
-2.4487475453746232467722165893064811825752258300781250000000000000e+00
-2.4668248970051527280133996100630611181259155273437500000000000000e+00
-2.4822833887162949473292883340036496520042419433593750000000000000e+00
-2.4955568150545928141070817218860611319541931152343750000000000000e+00
-2.5070485696661690688813450833549723029136657714843750000000000000e+00
-2.5170710545282624082119582453742623329162597656250000000000000000e+00
-2.5258697358062649485077599820215255022048950195312500000000000000e+00
-2.5336399776180815734960560803301632404327392578125000000000000000e+00
-2.5405390583739362320159216324100270867347717285156250000000000000e+00
-2.5466949022244400602232872188324108719825744628906250000000000000e+00
-2.5522125258720365081899217329919338226318359375000000000000000000e+00
-2.5571788677757849583827010064851492643356323242187500000000000000e+00
-2.5616664533167567974203393532661721110343933105468750000000000000e+00
-2.5657362098606228961727993009844794869422912597656250000000000000e+00
-2.5694396525601788106030198832741007208824157714843750000000000000e+00
-2.5728205985789718290845939918654039502143859863281250000000000000e+00
-2.5759165238697456778993455372983589768409729003906250000000000000e+00
-2.5787596461689892279878222325351089239120483398437500000000000000e+00
-2.5813777962509636410004532081075012683868408203125000000000000000e+00
-2.5837951239524818980441978055750951170921325683593750000000000000e+00
-2.5860326741875336864495693589560687541961669921875000000000000000e+00
-2.5881088598701911251964702387340366840362548828125000000000000000e+00
-2.5900398525000500882242704392410814762115478515625000000000000000e+00
-2.5918399065424830851611659454647451639175415039062500000000000000e+00
-2.5935216302391452813935757149010896682739257812500000000000000000e+00
-2.5950962128167667231082305079326033592224121093750000000000000000e+00
-2.5965736160104015972649449395248666405677795410156250000000000000e+00
-2.5979627362284940517156428541056811809539794921875000000000000000e+00
-2.5992715424471835028441546455724164843559265136718750000000000000e+00
-2.6005071939478003884005374857224524021148681640625000000000000000e+00
-2.6016761412423381472081018728204071521759033203125000000000000000e+00
-2.6027842129204952215104640345089137554168701171875000000000000000e+00
-2.6038366906634147213139840459916740655899047851562500000000000000e+00
-2.6048383742768717041826675995253026485443115234375000000000000000e+00
-2.6057936382717374890205519477603957056999206542968750000000000000e+00
-2.6067064772320134302674432547064498066902160644531250000000000000e+00
-2.6075632226575100602872225863393396139144897460937500000000000000e+00
-2.6083524438839393866373939090408384799957275390625000000000000000e+00
-2.6090808326282068918544609914533793926239013671875000000000000000e+00
-2.6097542875475792101269689737819135189056396484375000000000000000e+00
-2.6103780229738720031207321881083771586418151855468750000000000000e+00
-2.6109566608011562927060822403291240334510803222656250000000000000e+00
-2.6114943084252146832113794516772031784057617187500000000000000000e+00
-2.6119946250867402959272567386506125330924987792968750000000000000e+00
-2.6124608785356517870468451292254030704498291015625000000000000000e+00
-2.6128959935863074193207467033062130212783813476562500000000000000e+00
-2.6133025938542204791303902311483398079872131347656250000000000000e+00
-2.6136830377394941749003010045271366834640502929687500000000000000e+00
-2.6140394495395655738434470549691468477249145507812500000000000000e+00
-2.6143737464252190250135754467919468879699707031250000000000000000e+00
-2.6146876618923591273357942554866895079612731933593750000000000000e+00
-2.6149827662024169860899291961686685681343078613281250000000000000e+00
-2.6152604842422584319194811541819944977760314941406250000000000000e+00
-2.6155221111666775435367071622749790549278259277343750000000000000e+00
-2.6157688261304326005074472050182521343231201171875000000000000000e+00
-2.6160017043699861361005787330213934183120727539062500000000000000e+00
-2.6162217278562316380430274875834584236145019531250000000000000000e+00
-2.6164297947067418625977097690338268876075744628906250000000000000e+00
-2.6166267275187800045443964336300268769264221191406250000000000000e+00
-2.6168132807611894641297567432047799229621887207031250000000000000e+00
-2.6169901473438459404974310018587857484817504882812500000000000000e+00
-2.6171579644668594433198904880555346608161926269531250000000000000e+00
-2.6173173188377405473659109702566638588905334472656250000000000000e+00
-2.6174687513328085408659262611763551831245422363281250000000000000e+00
-2.6176127611690316321357840934069827198982238769531250000000000000e+00
-2.6177498096437372687717015651287510991096496582031250000000000000e+00
-2.6178803234922396470096828124951571226119995117187500000000000000e+00
-2.6180046979070445978265979647403582930564880371093750000000000000e+00
-2.6181232992567609052514399081701412796974182128906250000000000000e+00
-2.6182364675381348817495563707780092954635620117187500000000000000e+00
-2.6183445185905083185673447587760165333747863769531250000000000000e+00
-2.6184477460984489916029360756510868668556213378906250000000000000e+00
-2.6185464234052533427643538743723183870315551757812500000000000000e+00
-2.6186408051572764854597608064068481326103210449218750000000000000e+00
-2.6187311287967860451431079127360135316848754882812500000000000000e+00
-2.6188176159189429093032686068909242749214172363281250000000000000e+00
-2.6189004735067680229576581041328608989715576171875000000000000000e+00
-2.6189798950563796253732107288669794797897338867187500000000000000e+00
-2.6190560616034099794546818884555250406265258789062500000000000000e+00
-2.6191291426603409142614964366657659411430358886718750000000000000e+00
-2.6191992970734077061933930963277816772460937500000000000000000000e+00
-2.6192666738068095533265022822888568043708801269531250000000000000e+00
-2.6193314126611375591835439990973100066184997558593750000000000000e+00
-2.6193936449322006154716291348449885845184326171875000000000000000e+00
-2.6194534940157994107323702337453141808509826660156250000000000000e+00
-2.6195110759634152586272648477461189031600952148437500000000000000e+00
