-2.7314035966658742893287126207724213600158691406250000000000000000e+00
-2.7227044184069448817808734020218253135681152343750000000000000000e+00
-2.7149140164866771840479486854746937751770019531250000000000000000e+00
-2.7079387889103228026499436964513733983039855957031250000000000000e+00
-2.7016828037517184313287543773185461759567260742187500000000000000e+00
-2.6960591123124535428701165074016898870468139648437500000000000000e+00
-2.6909911415945941826066700741648674011230468750000000000000000000e+00
-2.6864120781005489391191076720133423805236816406250000000000000000e+00
-2.6822638139654961797475607454543933272361755371093750000000000000e+00
-2.6784958623939383315359918924514204263687133789062500000000000000e+00
-2.6750643595718832656871200015302747488021850585937500000000000000e+00
-2.6719311838935264624694809754146263003349304199218750000000000000e+00
-2.6690631954533654557337740698130801320075988769531250000000000000e+00
-2.6664315906315345650057224702322855591773986816406250000000000000e+00
-2.6640113665971116851949318515835329890251159667968750000000000000e+00
-2.6617808955064785614297306892694905400276184082031250000000000000e+00
-2.6597216187732661829556946031516417860984802246093750000000000000e+00
-2.6578178271585124470277605723822489380836486816406250000000000000e+00
-2.6560513922029342914754579396685585379600524902343750000000000000e+00
-2.6544071116975955781924767507007345557212829589843750000000000000e+00
-2.6528720687035498571049174643121659755706787109375000000000000000e+00
-2.6514351681819987582855446817120537161827087402343750000000000000e+00
-2.6500867930376221792698743229266256093978881835937500000000000000e+00
-2.6488185427228669865939991723280400037765502929687500000000000000e+00
-2.6476230304166494811113352625397965312004089355468750000000000000e+00
-2.6464937227574507616623122885357588529586791992187500000000000000e+00
-2.6454248111693190459448032925138249993324279785156250000000000000e+00
-2.6444111071076448205019460147013887763023376464843750000000000000e+00
-2.6434479557374239711009522579843178391456604003906250000000000000e+00
-2.6425311640403332802407021517865359783172607421875000000000000000e+00
-2.6416569403745300270713869394967332482337951660156250000000000000e+00
-2.6408218432362695615722714137518778443336486816406250000000000000e+00
-2.6400227374935170132630446460098028182983398437500000000000000000e+00
-2.6392567567423665941817034763516858220100402832031250000000000000e+00
-2.6385212707198442139144844986731186509132385253906250000000000000e+00
-2.6378138569193239071353218605509027838706970214843750000000000000e+00
-2.6371322757172919182266923598945140838623046875000000000000000000e+00
-2.6364744484455657769217395980376750230789184570312500000000000000e+00
-2.6358384379407135966744135657791048288345336914062500000000000000e+00
-2.6352224311797072253682472364744171500205993652343750000000000000e+00
-2.6346247236713749018122143752407282590866088867187500000000000000e+00
-2.6340437053220244756346346548525616526603698730468750000000000000e+00
-2.6334778475322164759120369126321747899055480957031250000000000000e+00
-2.6329256913122724981235478480812162160873413085937500000000000000e+00
-2.6323858362284999756752768007572740316390991210937500000000000000e+00
-2.6318569300110215003485336637822911143302917480468750000000000000e+00
-2.6313376586683308033798311953432857990264892578125000000000000000e+00
-2.6308267369639959376570459426147863268852233886718750000000000000e+00
-2.6303228991264000491412389237666502594947814941406250000000000000e+00
-2.6298248938214570102900324854999780654907226562500000000000000000e+00
-2.6293493397398748356863507069647312164306640625000000000000000000e+00
-2.6289112661812437110597784339915961027145385742187500000000000000e+00
-2.6285069587844476224347545212367549538612365722656250000000000000e+00
-2.6281331433907868522226181084988638758659362792968750000000000000e+00
-2.6277869256890693527850544342072680592536926269531250000000000000e+00
-2.6274657402116372573175340221496298909187316894531250000000000000e+00
-2.6271673070726251353335101157426834106445312500000000000000000000e+00
-2.6268895951429453994308005349012091755867004394531250000000000000e+00
-2.6266307905977042125300613406579941511154174804687500000000000000e+00
-2.6263892699647390926998014037963002920150756835937500000000000000e+00
-2.6261635769578726140593971649650484323501586914062500000000000000e+00
-2.6259524025036551364564729738049209117889404296875000000000000000e+00
-2.6257545674716480377242078247945755720138549804687500000000000000e+00
-2.6255690077008941862857227533822879195213317871093750000000000000e+00
-2.6253947609825791786875015532132238149642944335937500000000000000e+00
-2.6252309557141950691061538236681371927261352539062500000000000000e+00
-2.6250768009860827589818654814735054969787597656250000000000000000e+00
-2.6249315778987649672160387126496061682701110839843750000000000000e+00
-2.6247946319407362558706608979264274239540100097656250000000000000e+00
-2.6246653662822554409217445936519652605056762695312500000000000000e+00
-2.6245432358623626001303819066379219293594360351562500000000000000e+00
-2.6244277421644350845042481523705646395683288574218750000000000000e+00
-2.6243184285907963371187179291155189275741577148437500000000000000e+00
-2.6242148763597086258414492476731538772583007812500000000000000000e+00
-2.6241167008588761611065365286776795983314514160156250000000000000e+00
-2.6240235483987381925885529199149459600448608398437500000000000000e+00
-2.6239350933165872525876238796627148985862731933593750000000000000e+00
-2.6238510353891624227173906547250226140022277832031250000000000000e+00
-2.6237710975169994398470407759305089712142944335937500000000000000e+00
-2.6236950236486316079265179723734036087989807128906250000000000000e+00
-2.6236225769168770582950855896342545747756958007812500000000000000e+00
-2.6235535379629686403291088936384767293930053710937500000000000000e+00
-2.6234877034273806906128356786211952567100524902343750000000000000e+00
-2.6234248845887728762704682594630867242813110351562500000000000000e+00
-2.6233649061348236486423957103397697210311889648437500000000000000e+00
-2.6233076050506238807713543792488053441047668457031250000000000000e+00
-2.6232528296120678490410682570654898881912231445312500000000000000e+00
-2.6232004384731300028477107844082638621330261230468750000000000000e+00
-2.6231502998372295820672661648131906986236572265625000000000000000e+00
-2.6231022907040202341022450127638876438140869140625000000000000000e+00
-2.6230562961838868041297700983704999089241027832031250000000000000e+00
-2.6230122088733778262792384339263662695884704589843750000000000000e+00
-2.6229699282854568309630849398672580718994140625000000000000000000e+00
-2.6229293603292287428985218866728246212005615234375000000000000000e+00
-2.6228904168342959124515800795052200555801391601562500000000000000e+00
-2.6228530151154645366773365822155028581619262695312500000000000000e+00
-2.6228170775739751974242608412168920040130615234375000000000000000e+00
-2.6227825313318011701824161718832328915596008300781250000000000000e+00
-2.6227493078959640548930565273622050881385803222656250000000000000e+00
-2.6227173428500849539091177575755864381790161132812500000000000000e+00
